6721000 2519000
6721000 2520000
6721000 2521000
6721000 2522000
6721000 2523000
6721000 2524000
6721000 2525000
6721000 2526000
6721000 2527000
6721000 2528000
6721000 2529000
6721000 2530000
6721000 2531000
6721000 2532000
6721000 2533000
6721000 2534000
6721000 2535000
6721000 2536000
6721000 2537000
6721000 2538000
6721000 2539000
6721000 2540000
6721000 2541000
6721000 2542000
6721000 2543000
6721000 2544000
6721000 2545000
6721000 2546000
6721000 2547000
6721000 2548000
6721000 2549000
6721000 2550000
6721000 2551000
6721000 2552000
6721000 2553000
6721000 2554000
6721000 2555000
6721000 2556000
6721000 2557000
6721000 2558000
6721000 2559000
6721000 2560000
6721000 2561000
6721000 2562000
6721000 2563000
6721000 2564000
6721000 2565000
6721000 2566000
6721000 2567000
6721000 2568000
6721000 2569000
6721000 2570000
6721000 2571000
6721000 2572000
6721000 2573000
6721000 2574000
6721000 2575000
6721000 2576000
6721000 2577000
6721000 2578000
6721000 2579000
6721000 2580000
6721000 2581000
6721000 2582000
6721000 2583000
6721000 2584000
6721000 2585000
6721000 2586000
6721000 2587000
6721000 2588000
6721000 2589000
6721000 2590000
6722000 2510000
6722000 2511000
6722000 2512000
6722000 2513000
6722000 2514000
6722000 2515000
6722000 2516000
6722000 2517000
6722000 2518000
6722000 2519000
6722000 2520000
6722000 2521000
6722000 2522000
6722000 2523000
6722000 2524000
6722000 2525000
6722000 2526000
6722000 2527000
6722000 2528000
6722000 2529000
6722000 2530000
6722000 2531000
6722000 2532000
6722000 2533000
6722000 2534000
6722000 2535000
6722000 2536000
6722000 2537000
6722000 2538000
6722000 2539000
6722000 2540000
6722000 2541000
6722000 2542000
6722000 2543000
6722000 2544000
6722000 2545000
6722000 2546000
6722000 2547000
6722000 2548000
6722000 2549000
6722000 2550000
6722000 2551000
6722000 2552000
6722000 2553000
6722000 2554000
6722000 2555000
6722000 2556000
6722000 2557000
6722000 2558000
6722000 2559000
6722000 2560000
6722000 2561000
6722000 2562000
6722000 2563000
6722000 2564000
6722000 2565000
6722000 2566000
6722000 2567000
6722000 2568000
6722000 2569000
6722000 2570000
6722000 2571000
6722000 2572000
6722000 2573000
6722000 2574000
6722000 2575000
6722000 2576000
6722000 2577000
6722000 2578000
6722000 2579000
6722000 2580000
6722000 2581000
6722000 2582000
6722000 2583000
6722000 2584000
6722000 2585000
6722000 2586000
6722000 2587000
6722000 2588000
6722000 2589000
6722000 2590000
6723000 2510000
6723000 2511000
6723000 2512000
6723000 2513000
6723000 2514000
6723000 2515000
6723000 2516000
6723000 2517000
6723000 2518000
6723000 2519000
6723000 2520000
6723000 2521000
6723000 2522000
6723000 2523000
6723000 2524000
6723000 2525000
6723000 2526000
6723000 2527000
6723000 2528000
6723000 2529000
6723000 2530000
6723000 2531000
6723000 2532000
6723000 2533000
6723000 2534000
6723000 2535000
6723000 2536000
6723000 2537000
6723000 2538000
6723000 2539000
6723000 2540000
6723000 2541000
6723000 2542000
6723000 2543000
6723000 2544000
6723000 2545000
6723000 2546000
6723000 2547000
6723000 2548000
6723000 2549000
6723000 2550000
6723000 2551000
6723000 2552000
6723000 2553000
6723000 2554000
6723000 2555000
6723000 2556000
6723000 2557000
6723000 2558000
6723000 2559000
6723000 2560000
6723000 2561000
6723000 2562000
6723000 2563000
6723000 2564000
6723000 2565000
6723000 2566000
6723000 2567000
6723000 2568000
6723000 2569000
6723000 2570000
6723000 2571000
6723000 2572000
6723000 2573000
6723000 2574000
6723000 2575000
6723000 2576000
6723000 2577000
6723000 2578000
6723000 2579000
6723000 2580000
6723000 2581000
6723000 2582000
6723000 2583000
6723000 2584000
6723000 2585000
6723000 2586000
6723000 2587000
6723000 2588000
6723000 2589000
6723000 2590000
6724000 2510000
6724000 2511000
6724000 2512000
6724000 2513000
6724000 2514000
6724000 2515000
6724000 2516000
6724000 2517000
6724000 2518000
6724000 2519000
6724000 2520000
6724000 2521000
6724000 2522000
6724000 2523000
6724000 2524000
6724000 2525000
6724000 2526000
6724000 2527000
6724000 2528000
6724000 2529000
6724000 2530000
6724000 2531000
6724000 2532000
6724000 2533000
6724000 2534000
6724000 2535000
6724000 2536000
6724000 2537000
6724000 2538000
6724000 2539000
6724000 2540000
6724000 2541000
6724000 2542000
6724000 2543000
6724000 2544000
6724000 2545000
6724000 2546000
6724000 2547000
6724000 2548000
6724000 2549000
6724000 2550000
6724000 2551000
6724000 2552000
6724000 2553000
6724000 2554000
6724000 2555000
6724000 2556000
6724000 2557000
6724000 2558000
6724000 2559000
6724000 2560000
6724000 2561000
6724000 2562000
6724000 2563000
6724000 2564000
6724000 2565000
6724000 2566000
6724000 2567000
6724000 2568000
6724000 2569000
6724000 2570000
6724000 2571000
6724000 2572000
6724000 2573000
6724000 2574000
6724000 2575000
6724000 2576000
6724000 2577000
6724000 2578000
6724000 2579000
6724000 2580000
6724000 2581000
6724000 2582000
6724000 2583000
6724000 2584000
6724000 2585000
6724000 2586000
6724000 2587000
6724000 2588000
6724000 2589000
6724000 2590000
6725000 2510000
6725000 2511000
6725000 2512000
6725000 2513000
6725000 2514000
6725000 2515000
6725000 2516000
6725000 2517000
6725000 2518000
6725000 2519000
6725000 2520000
6725000 2521000
6725000 2522000
6725000 2523000
6725000 2524000
6725000 2525000
6725000 2526000
6725000 2527000
6725000 2528000
6725000 2529000
6725000 2530000
6725000 2531000
6725000 2532000
6725000 2533000
6725000 2534000
6725000 2535000
6725000 2536000
6725000 2537000
6725000 2538000
6725000 2539000
6725000 2540000
6725000 2541000
6725000 2542000
6725000 2543000
6725000 2544000
6725000 2545000
6725000 2546000
6725000 2547000
6725000 2548000
6725000 2549000
6725000 2550000
6725000 2551000
6725000 2552000
6725000 2553000
6725000 2554000
6725000 2555000
6725000 2556000
6725000 2557000
6725000 2558000
6725000 2559000
6725000 2560000
6725000 2561000
6725000 2562000
6725000 2563000
6725000 2564000
6725000 2565000
6725000 2566000
6725000 2567000
6725000 2568000
6725000 2569000
6725000 2570000
6725000 2571000
6725000 2572000
6725000 2573000
6725000 2574000
6725000 2575000
6725000 2576000
6725000 2577000
6725000 2578000
6725000 2579000
6725000 2580000
6725000 2581000
6725000 2582000
6725000 2583000
6725000 2584000
6725000 2585000
6725000 2586000
6725000 2587000
6725000 2588000
6725000 2589000
6725000 2590000
