6685000 2565000
6685000 2566000
6685000 2567000
6685000 2568000
6685000 2569000
6685000 2570000
6685000 2571000
6685000 2572000
6685000 2573000
6685000 2574000
6685000 2575000
6685000 2576000
6685000 2577000
6685000 2578000
6685000 2579000
6685000 2580000
6685000 2581000
6685000 2582000
6685000 2583000
6685000 2584000
6685000 2585000
6685000 2586000
6686000 2510000
6686000 2511000
6686000 2512000
6686000 2513000
6686000 2514000
6686000 2515000
6686000 2516000
6686000 2517000
6686000 2518000
6686000 2519000
6686000 2520000
6686000 2521000
6686000 2522000
6686000 2523000
6686000 2524000
6686000 2525000
6686000 2526000
6686000 2527000
6686000 2528000
6686000 2529000
6686000 2530000
6686000 2531000
6686000 2532000
6686000 2533000
6686000 2534000
6686000 2535000
6686000 2536000
6686000 2537000
6686000 2538000
6686000 2539000
6686000 2540000
6686000 2541000
6686000 2542000
6686000 2543000
6686000 2544000
6686000 2545000
6686000 2546000
6686000 2547000
6686000 2548000
6686000 2549000
6686000 2550000
6686000 2551000
6686000 2552000
6686000 2553000
6686000 2554000
6686000 2555000
6686000 2556000
6686000 2557000
6686000 2558000
6686000 2559000
6686000 2560000
6686000 2561000
6686000 2562000
6686000 2563000
6686000 2564000
6686000 2565000
6686000 2566000
6686000 2567000
6686000 2568000
6686000 2569000
6686000 2570000
6686000 2571000
6686000 2572000
6686000 2573000
6686000 2574000
6686000 2575000
6686000 2576000
6686000 2577000
6686000 2578000
6686000 2579000
6686000 2580000
6686000 2581000
6686000 2582000
6686000 2583000
6686000 2584000
6686000 2585000
6686000 2586000
6687000 2510000
6687000 2511000
6687000 2512000
6687000 2513000
6687000 2514000
6687000 2515000
6687000 2516000
6687000 2517000
6687000 2518000
6687000 2519000
6687000 2520000
6687000 2521000
6687000 2522000
6687000 2523000
6687000 2524000
6687000 2525000
6687000 2526000
6687000 2527000
6687000 2528000
6687000 2529000
6687000 2530000
6687000 2531000
6687000 2532000
6687000 2533000
6687000 2534000
6687000 2535000
6687000 2536000
6687000 2537000
6687000 2538000
6687000 2539000
6687000 2540000
6687000 2541000
6687000 2542000
6687000 2543000
6687000 2544000
6687000 2545000
6687000 2546000
6687000 2547000
6687000 2548000
6687000 2549000
6687000 2550000
6687000 2551000
6687000 2552000
6687000 2553000
6687000 2554000
6687000 2555000
6687000 2556000
6687000 2557000
6687000 2558000
6687000 2559000
6687000 2560000
6687000 2561000
6687000 2562000
6687000 2563000
6687000 2564000
6687000 2565000
6687000 2566000
6687000 2567000
6687000 2568000
6687000 2569000
6687000 2570000
6687000 2571000
6687000 2572000
6687000 2573000
6687000 2574000
6687000 2575000
6687000 2576000
6687000 2577000
6687000 2578000
6687000 2579000
6687000 2580000
6687000 2581000
6687000 2582000
6687000 2583000
6687000 2584000
6687000 2585000
6687000 2586000
6688000 2510000
6688000 2511000
6688000 2512000
6688000 2513000
6688000 2514000
6688000 2515000
6688000 2516000
6688000 2517000
6688000 2518000
6688000 2519000
6688000 2520000
6688000 2521000
6688000 2522000
6688000 2523000
6688000 2524000
6688000 2525000
6688000 2526000
6688000 2527000
6688000 2528000
6688000 2529000
6688000 2530000
6688000 2531000
6688000 2532000
6688000 2533000
6688000 2534000
6688000 2535000
6688000 2536000
6688000 2537000
6688000 2538000
6688000 2539000
6688000 2540000
6688000 2541000
6688000 2542000
6688000 2543000
6688000 2544000
6688000 2545000
6688000 2546000
6688000 2547000
6688000 2548000
6688000 2549000
6688000 2550000
6688000 2551000
6688000 2552000
6688000 2553000
6688000 2554000
6688000 2555000
6688000 2556000
6688000 2557000
6688000 2558000
6688000 2559000
6688000 2560000
6688000 2561000
6688000 2562000
6688000 2563000
6688000 2564000
6688000 2565000
6688000 2566000
6688000 2567000
6688000 2568000
6688000 2569000
6688000 2570000
6688000 2571000
6688000 2572000
6688000 2573000
6688000 2574000
6688000 2575000
6688000 2576000
6688000 2577000
6688000 2578000
6688000 2579000
6688000 2580000
6688000 2581000
6688000 2582000
6688000 2583000
6688000 2584000
6688000 2585000
6688000 2586000
6689000 2510000
6689000 2511000
6689000 2512000
6689000 2513000
6689000 2514000
6689000 2515000
6689000 2516000
6689000 2517000
6689000 2518000
6689000 2519000
6689000 2520000
6689000 2521000
6689000 2522000
6689000 2523000
6689000 2524000
6689000 2525000
6689000 2526000
6689000 2527000
6689000 2528000
6689000 2529000
6689000 2530000
6689000 2531000
6689000 2532000
6689000 2533000
6689000 2534000
6689000 2535000
6689000 2536000
6689000 2537000
6689000 2538000
6689000 2539000
6689000 2540000
6689000 2541000
6689000 2542000
6689000 2543000
6689000 2544000
6689000 2545000
6689000 2546000
6689000 2547000
6689000 2548000
6689000 2549000
6689000 2550000
6689000 2551000
6689000 2552000
6689000 2553000
6689000 2554000
6689000 2555000
6689000 2556000
6689000 2557000
6689000 2558000
6689000 2559000
6689000 2560000
6689000 2561000
6689000 2562000
6689000 2563000
6689000 2564000
6689000 2565000
6689000 2566000
6689000 2567000
6689000 2568000
6689000 2569000
6689000 2570000
6689000 2571000
6689000 2572000
6689000 2573000
6689000 2574000
6689000 2575000
6689000 2576000
6689000 2577000
6689000 2578000
6689000 2579000
6689000 2580000
6689000 2581000
6689000 2582000
6689000 2583000
6689000 2584000
6689000 2585000
6689000 2586000
6690000 2510000
6690000 2511000
6690000 2512000
6690000 2513000
6690000 2514000
6690000 2515000
6690000 2516000
6690000 2517000
6690000 2518000
6690000 2519000
6690000 2520000
6690000 2521000
6690000 2522000
6690000 2523000
6690000 2524000
6690000 2525000
6690000 2526000
6690000 2527000
6690000 2528000
6690000 2529000
6690000 2530000
6690000 2531000
6690000 2532000
6690000 2533000
6690000 2534000
6690000 2535000
6690000 2536000
6690000 2537000
6690000 2538000
6690000 2539000
6690000 2540000
6690000 2541000
6690000 2542000
6690000 2543000
6690000 2544000
6690000 2545000
6690000 2546000
6690000 2547000
6690000 2548000
6690000 2549000
6690000 2550000
6690000 2551000
6690000 2552000
6690000 2553000
6690000 2554000
6690000 2555000
6690000 2556000
6690000 2557000
6690000 2558000
6690000 2559000
6690000 2560000
6690000 2561000
6690000 2562000
6690000 2563000
6690000 2564000
6690000 2565000
6690000 2566000
6690000 2567000
6690000 2568000
6690000 2569000
6690000 2570000
6690000 2571000
6690000 2572000
6690000 2573000
6690000 2574000
6690000 2575000
6690000 2576000
6690000 2577000
6690000 2578000
6690000 2579000
6690000 2580000
6690000 2581000
6690000 2582000
6690000 2583000
6690000 2584000
6690000 2585000
6690000 2586000
6691000 2510000
6691000 2511000
6691000 2512000
6691000 2513000
6691000 2514000
6691000 2515000
6691000 2516000
6691000 2517000
6691000 2518000
6691000 2519000
6691000 2520000
6691000 2521000
6691000 2522000
6691000 2523000
6691000 2524000
6691000 2525000
6691000 2526000
6691000 2527000
6691000 2528000
6691000 2529000
6691000 2530000
6691000 2531000
6691000 2532000
6691000 2533000
6691000 2534000
6691000 2535000
6691000 2536000
6691000 2537000
6691000 2538000
6691000 2539000
6691000 2540000
6691000 2541000
6691000 2542000
6691000 2543000
6691000 2544000
6691000 2545000
6691000 2546000
6691000 2547000
6691000 2548000
6691000 2549000
6691000 2550000
6691000 2551000
6691000 2552000
6691000 2553000
6691000 2554000
6691000 2555000
6691000 2556000
6691000 2557000
6691000 2558000
6691000 2559000
6691000 2560000
6691000 2561000
6691000 2562000
6691000 2563000
6691000 2564000
6691000 2565000
6691000 2566000
6691000 2567000
6691000 2568000
6691000 2569000
6691000 2570000
6691000 2571000
6691000 2572000
6691000 2573000
6691000 2574000
6691000 2575000
6691000 2576000
6691000 2577000
6691000 2578000
6691000 2579000
6691000 2580000
6691000 2581000
6691000 2582000
6691000 2583000
6691000 2584000
6691000 2585000
6691000 2586000
6692000 2510000
6692000 2511000
6692000 2512000
6692000 2513000
6692000 2514000
6692000 2515000
6692000 2516000
6692000 2517000
6692000 2518000
6692000 2519000
6692000 2520000
6692000 2521000
6692000 2522000
6692000 2523000
6692000 2524000
6692000 2525000
6692000 2526000
6692000 2527000
6692000 2528000
6692000 2529000
6692000 2530000
6692000 2531000
6692000 2532000
6692000 2533000
6692000 2534000
6692000 2535000
6692000 2536000
6692000 2537000
6692000 2538000
6692000 2539000
6692000 2540000
6692000 2541000
6692000 2542000
6692000 2543000
6692000 2544000
6692000 2545000
6692000 2546000
6692000 2547000
6692000 2548000
6692000 2549000
6692000 2550000
6692000 2551000
6692000 2552000
6692000 2553000
6692000 2554000
6692000 2555000
6692000 2556000
6692000 2557000
6692000 2558000
6692000 2559000
6692000 2560000
6692000 2561000
6692000 2562000
6692000 2563000
6692000 2564000
6692000 2565000
6692000 2566000
6692000 2567000
6692000 2568000
6692000 2569000
6692000 2570000
6692000 2571000
6692000 2572000
6692000 2573000
6692000 2574000
6692000 2575000
6692000 2576000
6692000 2577000
6692000 2578000
6692000 2579000
6692000 2580000
6692000 2581000
6692000 2582000
6692000 2583000
6692000 2584000
6692000 2585000
6692000 2586000
6693000 2510000
6693000 2511000
6693000 2512000
6693000 2513000
6693000 2514000
6693000 2515000
6693000 2516000
6693000 2517000
6693000 2518000
6693000 2519000
6693000 2520000
6693000 2521000
6693000 2522000
6693000 2523000
6693000 2524000
6693000 2525000
6693000 2526000
6693000 2527000
6693000 2528000
6693000 2529000
6693000 2530000
6693000 2531000
6693000 2532000
6693000 2533000
6693000 2534000
6693000 2535000
6693000 2536000
6693000 2537000
6693000 2538000
6693000 2539000
6693000 2540000
6693000 2541000
6693000 2542000
6693000 2543000
6693000 2544000
6693000 2545000
6693000 2546000
6693000 2547000
6693000 2548000
6693000 2549000
6693000 2550000
6693000 2551000
6693000 2552000
6693000 2553000
6693000 2554000
6693000 2555000
6693000 2556000
6693000 2557000
6693000 2558000
6693000 2559000
6693000 2560000
6693000 2561000
6693000 2562000
6693000 2563000
6693000 2564000
6693000 2565000
6693000 2566000
6693000 2567000
6693000 2568000
6693000 2569000
6693000 2570000
6693000 2571000
6693000 2572000
6693000 2573000
6693000 2574000
6693000 2575000
6693000 2576000
6693000 2577000
6693000 2578000
6693000 2579000
6693000 2580000
6693000 2581000
6693000 2582000
6693000 2583000
6693000 2584000
6693000 2585000
6693000 2586000
6694000 2510000
6694000 2511000
6694000 2512000
6694000 2513000
6694000 2514000
6694000 2515000
6694000 2516000
6694000 2517000
6694000 2518000
6694000 2519000
6694000 2520000
6694000 2521000
6694000 2522000
6694000 2523000
6694000 2524000
6694000 2525000
6694000 2526000
6694000 2527000
6694000 2528000
6694000 2529000
6694000 2530000
6694000 2531000
6694000 2532000
6694000 2533000
6694000 2534000
6694000 2535000
6694000 2536000
6694000 2537000
6694000 2538000
6694000 2539000
6694000 2540000
6694000 2541000
6694000 2542000
6694000 2543000
6694000 2544000
6694000 2545000
6694000 2546000
6694000 2547000
6694000 2548000
6694000 2549000
6694000 2550000
6694000 2551000
6694000 2552000
6694000 2553000
6694000 2554000
6694000 2555000
6694000 2556000
6694000 2557000
6694000 2558000
6694000 2559000
6694000 2560000
6694000 2561000
6694000 2562000
6694000 2563000
6694000 2564000
6694000 2565000
6694000 2566000
6694000 2567000
6694000 2568000
6694000 2569000
6694000 2570000
6694000 2571000
6694000 2572000
6694000 2573000
6694000 2574000
6694000 2575000
6694000 2576000
6694000 2577000
6694000 2578000
6694000 2579000
6694000 2580000
6694000 2581000
6694000 2582000
6694000 2583000
6694000 2584000
6694000 2585000
6694000 2586000
6695000 2510000
6695000 2511000
6695000 2512000
6695000 2513000
6695000 2514000
6695000 2515000
6695000 2516000
6695000 2517000
6695000 2518000
6695000 2519000
6695000 2520000
6695000 2521000
6695000 2522000
6695000 2523000
6695000 2524000
6695000 2525000
6695000 2526000
6695000 2527000
6695000 2528000
6695000 2529000
6695000 2530000
6695000 2531000
6695000 2532000
6695000 2533000
6695000 2534000
6695000 2535000
6695000 2536000
6695000 2537000
6695000 2538000
6695000 2539000
6695000 2540000
6695000 2541000
6695000 2542000
6695000 2543000
6695000 2544000
6695000 2545000
6695000 2546000
6695000 2547000
6695000 2548000
6695000 2549000
6695000 2550000
6695000 2551000
6695000 2552000
6695000 2553000
6695000 2554000
6695000 2555000
6695000 2556000
6695000 2557000
6695000 2558000
6695000 2559000
6695000 2560000
6695000 2561000
6695000 2562000
6695000 2563000
6695000 2564000
6695000 2565000
6695000 2566000
6695000 2567000
6695000 2568000
6695000 2569000
6695000 2570000
6695000 2571000
6695000 2572000
6695000 2573000
6695000 2574000
6695000 2575000
6695000 2576000
6695000 2577000
6695000 2578000
6695000 2579000
6695000 2580000
6695000 2581000
6695000 2582000
6695000 2583000
6695000 2584000
6695000 2585000
6695000 2586000
6696000 2510000
6696000 2511000
6696000 2512000
6696000 2513000
6696000 2514000
6696000 2515000
6696000 2516000
6696000 2517000
6696000 2518000
6696000 2519000
6696000 2520000
6696000 2521000
6696000 2522000
6696000 2523000
6696000 2524000
6696000 2525000
6696000 2526000
6696000 2527000
6696000 2528000
6696000 2529000
6696000 2530000
6696000 2531000
6696000 2532000
6696000 2533000
6696000 2534000
6696000 2535000
6696000 2536000
6696000 2537000
6696000 2538000
6696000 2539000
6696000 2540000
6696000 2541000
6696000 2542000
6696000 2543000
6696000 2544000
6696000 2545000
6696000 2546000
6696000 2547000
6696000 2548000
6696000 2549000
6696000 2550000
6696000 2551000
6696000 2552000
6696000 2553000
6696000 2554000
6696000 2555000
6696000 2556000
6696000 2557000
6696000 2558000
6696000 2559000
6696000 2560000
6696000 2561000
6696000 2562000
6696000 2563000
6696000 2564000
6696000 2565000
6696000 2566000
6696000 2567000
6696000 2568000
6696000 2569000
6696000 2570000
6696000 2571000
6696000 2572000
6696000 2573000
6696000 2574000
6696000 2575000
6696000 2576000
6696000 2577000
6696000 2578000
6696000 2579000
6696000 2580000
6696000 2581000
6696000 2582000
6696000 2583000
6696000 2584000
6696000 2585000
6696000 2586000
6697000 2510000
6697000 2511000
6697000 2512000
6697000 2513000
6697000 2514000
6697000 2515000
6697000 2516000
6697000 2517000
6697000 2518000
6697000 2519000
6697000 2520000
6697000 2521000
6697000 2522000
6697000 2523000
6697000 2524000
6697000 2525000
6697000 2526000
6697000 2527000
6697000 2528000
6697000 2529000
6697000 2530000
6697000 2531000
6697000 2532000
6697000 2533000
6697000 2534000
6697000 2535000
6697000 2536000
6697000 2537000
6697000 2538000
6697000 2539000
6697000 2540000
6697000 2541000
6697000 2542000
6697000 2543000
6697000 2544000
6697000 2545000
6697000 2546000
6697000 2547000
6697000 2548000
6697000 2549000
6697000 2550000
6697000 2551000
6697000 2552000
6697000 2553000
6697000 2554000
6697000 2555000
6697000 2556000
6697000 2557000
6697000 2558000
6697000 2559000
6697000 2560000
6697000 2561000
6697000 2562000
6697000 2563000
6697000 2564000
6697000 2565000
6697000 2566000
6697000 2567000
6697000 2568000
6697000 2569000
6697000 2570000
6697000 2571000
6697000 2572000
6697000 2573000
6697000 2574000
6697000 2575000
6697000 2576000
6697000 2577000
6697000 2578000
6697000 2579000
6697000 2580000
6697000 2581000
6697000 2582000
6697000 2583000
6697000 2584000
6697000 2585000
6697000 2586000
6698000 2510000
6698000 2511000
6698000 2512000
6698000 2513000
6698000 2514000
6698000 2515000
6698000 2516000
6698000 2517000
6698000 2518000
6698000 2519000
6698000 2520000
6698000 2521000
6698000 2522000
6698000 2523000
6698000 2524000
6698000 2525000
6698000 2526000
6698000 2527000
6698000 2528000
6698000 2529000
6698000 2530000
6698000 2531000
6698000 2532000
6698000 2533000
6698000 2534000
6698000 2535000
6698000 2536000
6698000 2537000
6698000 2538000
6698000 2539000
6698000 2540000
6698000 2541000
6698000 2542000
6698000 2543000
6698000 2544000
6698000 2545000
6698000 2546000
6698000 2547000
6698000 2548000
6698000 2549000
6698000 2550000
6698000 2551000
6698000 2552000
6698000 2553000
