6672000 2528000
6672000 2529000
6672000 2530000
6672000 2531000
6672000 2532000
6672000 2533000
6672000 2534000
6672000 2535000
6672000 2536000
6672000 2537000
6672000 2538000
6672000 2539000
6672000 2540000
6672000 2541000
6672000 2542000
6672000 2543000
6672000 2544000
6672000 2545000
6672000 2546000
6672000 2547000
6672000 2548000
6672000 2549000
6672000 2550000
6672000 2551000
6672000 2552000
6672000 2553000
6672000 2554000
6672000 2555000
6672000 2556000
6672000 2557000
6672000 2558000
6672000 2559000
6672000 2560000
6672000 2561000
6672000 2562000
6672000 2563000
6672000 2564000
6672000 2565000
6672000 2566000
6672000 2567000
6672000 2568000
6672000 2569000
6672000 2570000
6672000 2571000
6672000 2572000
6672000 2573000
6672000 2574000
6672000 2575000
6672000 2576000
6672000 2577000
6672000 2578000
6672000 2579000
6672000 2580000
6672000 2581000
6672000 2582000
6672000 2583000
6672000 2584000
6672000 2585000
6672000 2586000
6672000 2587000
6672000 2588000
6672000 2589000
6672000 2590000
6673000 2510000
6673000 2511000
6673000 2512000
6673000 2513000
6673000 2514000
6673000 2515000
6673000 2516000
6673000 2517000
6673000 2518000
6673000 2519000
6673000 2520000
6673000 2521000
6673000 2522000
6673000 2523000
6673000 2524000
6673000 2525000
6673000 2526000
6673000 2527000
6673000 2528000
6673000 2529000
6673000 2530000
6673000 2531000
6673000 2532000
6673000 2533000
6673000 2534000
6673000 2535000
6673000 2536000
6673000 2537000
6673000 2538000
6673000 2539000
6673000 2540000
6673000 2541000
6673000 2542000
6673000 2543000
6673000 2544000
6673000 2545000
6673000 2546000
6673000 2547000
6673000 2548000
6673000 2549000
6673000 2550000
6673000 2551000
6673000 2552000
6673000 2553000
6673000 2554000
6673000 2555000
6673000 2556000
6673000 2557000
6673000 2558000
6673000 2559000
6673000 2560000
6673000 2561000
6673000 2562000
6673000 2563000
6673000 2564000
6673000 2565000
6673000 2566000
6673000 2567000
6673000 2568000
6673000 2569000
6673000 2570000
6673000 2571000
6673000 2572000
6673000 2573000
6673000 2574000
6673000 2575000
6673000 2576000
6673000 2577000
6673000 2578000
6673000 2579000
6673000 2580000
6673000 2581000
6673000 2582000
6673000 2583000
6673000 2584000
6673000 2585000
6673000 2586000
6673000 2587000
6673000 2588000
6673000 2589000
6673000 2590000
6674000 2510000
6674000 2511000
6674000 2512000
6674000 2513000
6674000 2514000
6674000 2515000
6674000 2516000
6674000 2517000
6674000 2518000
6674000 2519000
6674000 2520000
6674000 2521000
6674000 2522000
6674000 2523000
6674000 2524000
6674000 2525000
6674000 2526000
6674000 2527000
6674000 2528000
6674000 2529000
6674000 2530000
6674000 2531000
6674000 2532000
6674000 2533000
6674000 2534000
6674000 2535000
6674000 2536000
6674000 2537000
6674000 2538000
6674000 2539000
6674000 2540000
6674000 2541000
6674000 2542000
6674000 2543000
6674000 2544000
6674000 2545000
6674000 2546000
6674000 2547000
6674000 2548000
6674000 2549000
6674000 2550000
6674000 2551000
6674000 2552000
6674000 2553000
6674000 2554000
6674000 2555000
6674000 2556000
6674000 2557000
6674000 2558000
6674000 2559000
6674000 2560000
6674000 2561000
6674000 2562000
6674000 2563000
6674000 2564000
6674000 2565000
6674000 2566000
6674000 2567000
6674000 2568000
6674000 2569000
6674000 2570000
6674000 2571000
6674000 2572000
6674000 2573000
6674000 2574000
6674000 2575000
6674000 2576000
6674000 2577000
6674000 2578000
6674000 2579000
6674000 2580000
6674000 2581000
6674000 2582000
6674000 2583000
6674000 2584000
6674000 2585000
6674000 2586000
6674000 2587000
6674000 2588000
6674000 2589000
6674000 2590000
6675000 2510000
6675000 2511000
6675000 2512000
6675000 2513000
6675000 2514000
6675000 2515000
6675000 2516000
6675000 2517000
6675000 2518000
6675000 2519000
6675000 2520000
6675000 2521000
6675000 2522000
6675000 2523000
6675000 2524000
6675000 2525000
6675000 2526000
6675000 2527000
6675000 2528000
6675000 2529000
6675000 2530000
6675000 2531000
6675000 2532000
6675000 2533000
6675000 2534000
6675000 2535000
6675000 2536000
6675000 2537000
6675000 2538000
6675000 2539000
6675000 2540000
6675000 2541000
6675000 2542000
6675000 2543000
6675000 2544000
6675000 2545000
6675000 2546000
6675000 2547000
6675000 2548000
6675000 2549000
6675000 2550000
6675000 2551000
6675000 2552000
6675000 2553000
6675000 2554000
6675000 2555000
6675000 2556000
6675000 2557000
6675000 2558000
6675000 2559000
6675000 2560000
6675000 2561000
6675000 2562000
6675000 2563000
6675000 2564000
6675000 2565000
6675000 2566000
6675000 2567000
6675000 2568000
6675000 2569000
6675000 2570000
6675000 2571000
6675000 2572000
6675000 2573000
6675000 2574000
6675000 2575000
6675000 2576000
6675000 2577000
6675000 2578000
6675000 2579000
6675000 2580000
6675000 2581000
6675000 2582000
6675000 2583000
6675000 2584000
6675000 2585000
6675000 2586000
6675000 2587000
6675000 2588000
6675000 2589000
6675000 2590000
6676000 2510000
6676000 2511000
6676000 2512000
6676000 2513000
6676000 2514000
6676000 2515000
6676000 2516000
6676000 2517000
6676000 2518000
6676000 2519000
6676000 2520000
6676000 2521000
6676000 2522000
6676000 2523000
6676000 2524000
6676000 2525000
6676000 2526000
6676000 2527000
6676000 2528000
6676000 2529000
6676000 2530000
6676000 2531000
6676000 2532000
6676000 2533000
6676000 2534000
6676000 2535000
6676000 2536000
6676000 2537000
6676000 2538000
6676000 2539000
6676000 2540000
6676000 2541000
6676000 2542000
6676000 2543000
6676000 2544000
6676000 2545000
6676000 2546000
6676000 2547000
6676000 2548000
6676000 2549000
6676000 2550000
6676000 2551000
6676000 2552000
6676000 2553000
6676000 2554000
6676000 2555000
6676000 2556000
6676000 2557000
6676000 2558000
6676000 2559000
6676000 2560000
6676000 2561000
6676000 2562000
6676000 2563000
6676000 2564000
6676000 2565000
6676000 2566000
6676000 2567000
6676000 2568000
6676000 2569000
6676000 2570000
6676000 2571000
6676000 2572000
6676000 2573000
6676000 2574000
6676000 2575000
6676000 2576000
6676000 2577000
6676000 2578000
6676000 2579000
6676000 2580000
6676000 2581000
6676000 2582000
6676000 2583000
6676000 2584000
6676000 2585000
6676000 2586000
6676000 2587000
6676000 2588000
6676000 2589000
6676000 2590000
6677000 2510000
6677000 2511000
6677000 2512000
6677000 2513000
6677000 2514000
6677000 2515000
6677000 2516000
6677000 2517000
6677000 2518000
6677000 2519000
6677000 2520000
6677000 2521000
6677000 2522000
6677000 2523000
6677000 2524000
6677000 2525000
6677000 2526000
6677000 2527000
6677000 2528000
6677000 2529000
6677000 2530000
6677000 2531000
6677000 2532000
6677000 2533000
6677000 2534000
6677000 2535000
6677000 2536000
6677000 2537000
6677000 2538000
6677000 2539000
6677000 2540000
6677000 2541000
6677000 2542000
6677000 2543000
6677000 2544000
6677000 2545000
6677000 2546000
6677000 2547000
6677000 2548000
6677000 2549000
6677000 2550000
6677000 2551000
6677000 2552000
6677000 2553000
6677000 2554000
6677000 2555000
6677000 2556000
6677000 2557000
6677000 2558000
6677000 2559000
6677000 2560000
6677000 2561000
6677000 2562000
6677000 2563000
6677000 2564000
6677000 2565000
6677000 2566000
6677000 2567000
6677000 2568000
6677000 2569000
6677000 2570000
6677000 2571000
6677000 2572000
6677000 2573000
6677000 2574000
6677000 2575000
6677000 2576000
6677000 2577000
6677000 2578000
6677000 2579000
6677000 2580000
6677000 2581000
6677000 2582000
6677000 2583000
6677000 2584000
6677000 2585000
6677000 2586000
6677000 2587000
6677000 2588000
6677000 2589000
6677000 2590000
6678000 2510000
6678000 2511000
6678000 2512000
6678000 2513000
6678000 2514000
6678000 2515000
6678000 2516000
6678000 2517000
6678000 2518000
6678000 2519000
6678000 2520000
6678000 2521000
6678000 2522000
6678000 2523000
6678000 2524000
6678000 2525000
6678000 2526000
6678000 2527000
6678000 2528000
6678000 2529000
6678000 2530000
6678000 2531000
6678000 2532000
6678000 2533000
6678000 2534000
6678000 2535000
6678000 2536000
6678000 2537000
6678000 2538000
6678000 2539000
6678000 2540000
6678000 2541000
6678000 2542000
6678000 2543000
6678000 2544000
6678000 2545000
6678000 2546000
6678000 2547000
6678000 2548000
6678000 2549000
6678000 2550000
6678000 2551000
6678000 2552000
6678000 2553000
6678000 2554000
6678000 2555000
6678000 2556000
6678000 2557000
6678000 2558000
6678000 2559000
6678000 2560000
6678000 2561000
6678000 2562000
6678000 2563000
6678000 2564000
6678000 2565000
6678000 2566000
6678000 2567000
6678000 2568000
6678000 2569000
6678000 2570000
6678000 2571000
6678000 2572000
6678000 2573000
6678000 2574000
6678000 2575000
6678000 2576000
6678000 2577000
6678000 2578000
6678000 2579000
6678000 2580000
6678000 2581000
6678000 2582000
6678000 2583000
6678000 2584000
6678000 2585000
6678000 2586000
6678000 2587000
6678000 2588000
6678000 2589000
6678000 2590000
6679000 2510000
6679000 2511000
6679000 2512000
6679000 2513000
6679000 2514000
6679000 2515000
6679000 2516000
6679000 2517000
6679000 2518000
6679000 2519000
6679000 2520000
6679000 2521000
6679000 2522000
6679000 2523000
6679000 2524000
6679000 2525000
6679000 2526000
6679000 2527000
6679000 2528000
6679000 2529000
6679000 2530000
6679000 2531000
6679000 2532000
6679000 2533000
6679000 2534000
6679000 2535000
6679000 2536000
6679000 2537000
6679000 2538000
6679000 2539000
6679000 2540000
6679000 2541000
6679000 2542000
6679000 2543000
6679000 2544000
6679000 2545000
6679000 2546000
6679000 2547000
6679000 2548000
6679000 2549000
6679000 2550000
6679000 2551000
6679000 2552000
6679000 2553000
6679000 2554000
6679000 2555000
6679000 2556000
6679000 2557000
6679000 2558000
6679000 2559000
6679000 2560000
6679000 2561000
6679000 2562000
6679000 2563000
6679000 2564000
6679000 2565000
6679000 2566000
6679000 2567000
6679000 2568000
6679000 2569000
6679000 2570000
6679000 2571000
6679000 2572000
6679000 2573000
6679000 2574000
6679000 2575000
6679000 2576000
6679000 2577000
6679000 2578000
6679000 2579000
6679000 2580000
6679000 2581000
6679000 2582000
6679000 2583000
6679000 2584000
6679000 2585000
6679000 2586000
6679000 2587000
6679000 2588000
6679000 2589000
6679000 2590000
6680000 2510000
6680000 2511000
6680000 2512000
6680000 2513000
6680000 2514000
6680000 2515000
6680000 2516000
6680000 2517000
6680000 2518000
6680000 2519000
6680000 2520000
6680000 2521000
6680000 2522000
6680000 2523000
6680000 2524000
6680000 2525000
6680000 2526000
6680000 2527000
6680000 2528000
6680000 2529000
6680000 2530000
6680000 2531000
6680000 2532000
6680000 2533000
6680000 2534000
6680000 2535000
6680000 2536000
6680000 2537000
6680000 2538000
6680000 2539000
6680000 2540000
6680000 2541000
6680000 2542000
6680000 2543000
6680000 2544000
6680000 2545000
6680000 2546000
6680000 2547000
6680000 2548000
6680000 2549000
6680000 2550000
6680000 2551000
6680000 2552000
6680000 2553000
6680000 2554000
6680000 2555000
6680000 2556000
6680000 2557000
6680000 2558000
6680000 2559000
6680000 2560000
6680000 2561000
6680000 2562000
6680000 2563000
6680000 2564000
6680000 2565000
6680000 2566000
6680000 2567000
6680000 2568000
6680000 2569000
6680000 2570000
6680000 2571000
6680000 2572000
6680000 2573000
6680000 2574000
6680000 2575000
6680000 2576000
6680000 2577000
6680000 2578000
6680000 2579000
6680000 2580000
6680000 2581000
6680000 2582000
6680000 2583000
6680000 2584000
6680000 2585000
6680000 2586000
6680000 2587000
6680000 2588000
6680000 2589000
6680000 2590000
6681000 2510000
6681000 2511000
6681000 2512000
6681000 2513000
6681000 2514000
6681000 2515000
6681000 2516000
6681000 2517000
6681000 2518000
6681000 2519000
6681000 2520000
6681000 2521000
6681000 2522000
6681000 2523000
6681000 2524000
6681000 2525000
6681000 2526000
6681000 2527000
6681000 2528000
6681000 2529000
6681000 2530000
6681000 2531000
6681000 2532000
6681000 2533000
6681000 2534000
6681000 2535000
6681000 2536000
6681000 2537000
6681000 2538000
6681000 2539000
6681000 2540000
6681000 2541000
6681000 2542000
6681000 2543000
6681000 2544000
6681000 2545000
6681000 2546000
6681000 2547000
6681000 2548000
6681000 2549000
6681000 2550000
6681000 2551000
6681000 2552000
6681000 2553000
6681000 2554000
6681000 2555000
6681000 2556000
6681000 2557000
6681000 2558000
6681000 2559000
6681000 2560000
6681000 2561000
6681000 2562000
6681000 2563000
6681000 2564000
6681000 2565000
6681000 2566000
6681000 2567000
6681000 2568000
6681000 2569000
6681000 2570000
6681000 2571000
6681000 2572000
6681000 2573000
6681000 2574000
6681000 2575000
6681000 2576000
6681000 2577000
6681000 2578000
6681000 2579000
6681000 2580000
6681000 2581000
6681000 2582000
6681000 2583000
6681000 2584000
6681000 2585000
6681000 2586000
6681000 2587000
6681000 2588000
6681000 2589000
6681000 2590000
6682000 2510000
6682000 2511000
6682000 2512000
6682000 2513000
6682000 2514000
6682000 2515000
6682000 2516000
6682000 2517000
6682000 2518000
6682000 2519000
6682000 2520000
6682000 2521000
6682000 2522000
6682000 2523000
6682000 2524000
6682000 2525000
6682000 2526000
6682000 2527000
6682000 2528000
6682000 2529000
6682000 2530000
6682000 2531000
6682000 2532000
6682000 2533000
6682000 2534000
6682000 2535000
6682000 2536000
6682000 2537000
6682000 2538000
6682000 2539000
6682000 2540000
6682000 2541000
6682000 2542000
6682000 2543000
6682000 2544000
6682000 2545000
6682000 2546000
6682000 2547000
6682000 2548000
6682000 2549000
6682000 2550000
6682000 2551000
6682000 2552000
6682000 2553000
6682000 2554000
6682000 2555000
6682000 2556000
6682000 2557000
6682000 2558000
6682000 2559000
6682000 2560000
6682000 2561000
6682000 2562000
6682000 2563000
6682000 2564000
6682000 2565000
6682000 2566000
6682000 2567000
6682000 2568000
6682000 2569000
6682000 2570000
6682000 2571000
6682000 2572000
6682000 2573000
6682000 2574000
6682000 2575000
6682000 2576000
6682000 2577000
6682000 2578000
6682000 2579000
6682000 2580000
6682000 2581000
6682000 2582000
6682000 2583000
6682000 2584000
6682000 2585000
6682000 2586000
6682000 2587000
6682000 2588000
6682000 2589000
6682000 2590000
6683000 2510000
6683000 2511000
6683000 2512000
6683000 2513000
6683000 2514000
6683000 2515000
6683000 2516000
6683000 2517000
6683000 2518000
6683000 2519000
6683000 2520000
6683000 2521000
6683000 2522000
6683000 2523000
6683000 2524000
6683000 2525000
6683000 2526000
6683000 2527000
6683000 2528000
6683000 2529000
6683000 2530000
6683000 2531000
6683000 2532000
6683000 2533000
6683000 2534000
6683000 2535000
6683000 2536000
6683000 2537000
6683000 2538000
6683000 2539000
6683000 2540000
6683000 2541000
6683000 2542000
6683000 2543000
6683000 2544000
6683000 2545000
6683000 2546000
6683000 2547000
6683000 2548000
6683000 2549000
6683000 2550000
6683000 2551000
6683000 2552000
6683000 2553000
6683000 2554000
6683000 2555000
6683000 2556000
6683000 2557000
6683000 2558000
6683000 2559000
6683000 2560000
6683000 2561000
6683000 2562000
6683000 2563000
6683000 2564000
6683000 2565000
6683000 2566000
6683000 2567000
6683000 2568000
6683000 2569000
6683000 2570000
6683000 2571000
6683000 2572000
6683000 2573000
6683000 2574000
6683000 2575000
6683000 2576000
6683000 2577000
6683000 2578000
6683000 2579000
6683000 2580000
6683000 2581000
6683000 2582000
6683000 2583000
6683000 2584000
6683000 2585000
6683000 2586000
6683000 2587000
6683000 2588000
6683000 2589000
6683000 2590000
6684000 2510000
6684000 2511000
6684000 2512000
6684000 2513000
6684000 2514000
6684000 2515000
6684000 2516000
6684000 2517000
6684000 2518000
6684000 2519000
6684000 2520000
6684000 2521000
6684000 2522000
6684000 2523000
6684000 2524000
6684000 2525000
6684000 2526000
6684000 2527000
6684000 2528000
6684000 2529000
6684000 2530000
6684000 2531000
6684000 2532000
6684000 2533000
6684000 2534000
6684000 2535000
6684000 2536000
6684000 2537000
6684000 2538000
6684000 2539000
6684000 2540000
6684000 2541000
6684000 2542000
6684000 2543000
6684000 2544000
6684000 2545000
