6660000 2514000
6660000 2515000
6660000 2516000
6660000 2517000
6660000 2518000
6660000 2519000
6660000 2520000
6660000 2521000
6660000 2522000
6660000 2523000
6660000 2524000
6660000 2525000
6660000 2526000
6660000 2527000
6660000 2528000
6660000 2529000
6660000 2530000
6660000 2531000
6660000 2532000
6660000 2533000
6660000 2534000
6660000 2535000
6660000 2536000
6660000 2537000
6660000 2538000
6660000 2539000
6660000 2540000
6660000 2541000
6660000 2542000
6660000 2543000
6660000 2544000
6660000 2545000
6660000 2546000
6660000 2547000
6660000 2548000
6660000 2549000
6660000 2550000
6660000 2551000
6660000 2552000
6660000 2553000
6660000 2554000
6660000 2555000
6660000 2556000
6660000 2557000
6660000 2558000
6660000 2559000
6660000 2560000
6660000 2561000
6660000 2562000
6660000 2563000
6660000 2564000
6660000 2565000
6660000 2566000
6660000 2567000
6660000 2568000
6660000 2569000
6660000 2570000
6660000 2571000
6660000 2572000
6660000 2573000
6660000 2574000
6660000 2575000
6660000 2576000
6660000 2577000
6660000 2578000
6661000 2514000
6661000 2515000
6661000 2516000
6661000 2517000
6661000 2518000
6661000 2519000
6661000 2520000
6661000 2521000
6661000 2522000
6661000 2523000
6661000 2524000
6661000 2525000
6661000 2526000
6661000 2527000
6661000 2528000
6661000 2529000
6661000 2530000
6661000 2531000
6661000 2532000
6661000 2533000
6661000 2534000
6661000 2535000
6661000 2536000
6661000 2537000
6661000 2538000
6661000 2539000
6661000 2540000
6661000 2541000
6661000 2542000
6661000 2543000
6661000 2544000
6661000 2545000
6661000 2546000
6661000 2547000
6661000 2548000
6661000 2549000
6661000 2550000
6661000 2551000
6661000 2552000
6661000 2553000
6661000 2554000
6661000 2555000
6661000 2556000
6661000 2557000
6661000 2558000
6661000 2559000
6661000 2560000
6661000 2561000
6661000 2562000
6661000 2563000
6661000 2564000
6661000 2565000
6661000 2566000
6661000 2567000
6661000 2568000
6661000 2569000
6661000 2570000
6661000 2571000
6661000 2572000
6661000 2573000
6661000 2574000
6661000 2575000
6661000 2576000
6661000 2577000
6661000 2578000
6662000 2514000
6662000 2515000
6662000 2516000
6662000 2517000
6662000 2518000
6662000 2519000
6662000 2520000
6662000 2521000
6662000 2522000
6662000 2523000
6662000 2524000
6662000 2525000
6662000 2526000
6662000 2527000
6662000 2528000
6662000 2529000
6662000 2530000
6662000 2531000
6662000 2532000
6662000 2533000
6662000 2534000
6662000 2535000
6662000 2536000
6662000 2537000
6662000 2538000
6662000 2539000
6662000 2540000
6662000 2541000
6662000 2542000
6662000 2543000
6662000 2544000
6662000 2545000
6662000 2546000
6662000 2547000
6662000 2548000
6662000 2549000
6662000 2550000
6662000 2551000
6662000 2552000
6662000 2553000
6662000 2554000
6662000 2555000
6662000 2556000
6662000 2557000
6662000 2558000
6662000 2559000
6662000 2560000
6662000 2561000
6662000 2562000
6662000 2563000
6662000 2564000
6662000 2565000
6662000 2566000
6662000 2567000
6662000 2568000
6662000 2569000
6662000 2570000
6662000 2571000
6662000 2572000
6662000 2573000
6662000 2574000
6662000 2575000
6662000 2576000
6662000 2577000
6662000 2578000
6663000 2514000
6663000 2515000
6663000 2516000
6663000 2517000
6663000 2518000
6663000 2519000
6663000 2520000
6663000 2521000
6663000 2522000
6663000 2523000
6663000 2524000
6663000 2525000
6663000 2526000
6663000 2527000
6663000 2528000
6663000 2529000
6663000 2530000
6663000 2531000
6663000 2532000
6663000 2533000
6663000 2534000
6663000 2535000
6663000 2536000
6663000 2537000
6663000 2538000
6663000 2539000
6663000 2540000
6663000 2541000
6663000 2542000
6663000 2543000
6663000 2544000
6663000 2545000
6663000 2546000
6663000 2547000
6663000 2548000
6663000 2549000
6663000 2550000
6663000 2551000
6663000 2552000
6663000 2553000
6663000 2554000
6663000 2555000
6663000 2556000
6663000 2557000
6663000 2558000
6663000 2559000
6663000 2560000
6663000 2561000
6663000 2562000
6663000 2563000
6663000 2564000
6663000 2565000
6663000 2566000
6663000 2567000
6663000 2568000
6663000 2569000
6663000 2570000
6663000 2571000
6663000 2572000
6663000 2573000
6663000 2574000
6663000 2575000
6663000 2576000
6663000 2577000
6663000 2578000
6664000 2514000
6664000 2515000
6664000 2516000
6664000 2517000
6664000 2518000
6664000 2519000
6664000 2520000
6664000 2521000
6664000 2522000
6664000 2523000
6664000 2524000
6664000 2525000
6664000 2526000
6664000 2527000
6664000 2528000
6664000 2529000
6664000 2530000
6664000 2531000
6664000 2532000
6664000 2533000
6664000 2534000
6664000 2535000
6664000 2536000
6664000 2537000
6664000 2538000
6664000 2539000
6664000 2540000
6664000 2541000
6664000 2542000
6664000 2543000
6664000 2544000
6664000 2545000
6664000 2546000
6664000 2547000
6664000 2548000
6664000 2549000
6664000 2550000
6664000 2551000
6664000 2552000
6664000 2553000
6664000 2554000
6664000 2555000
6664000 2556000
6664000 2557000
6664000 2558000
6664000 2559000
6664000 2560000
6664000 2561000
6664000 2562000
6664000 2563000
6664000 2564000
6664000 2565000
6664000 2566000
6664000 2567000
6664000 2568000
6664000 2569000
6664000 2570000
6664000 2571000
6664000 2572000
6664000 2573000
6664000 2574000
6664000 2575000
6664000 2576000
6664000 2577000
6664000 2578000
6665000 2514000
6665000 2515000
6665000 2516000
6665000 2517000
6665000 2518000
6665000 2519000
6665000 2520000
6665000 2521000
6665000 2522000
6665000 2523000
6665000 2524000
6665000 2525000
6665000 2526000
6665000 2527000
6665000 2528000
6665000 2529000
6665000 2530000
6665000 2531000
6665000 2532000
6665000 2533000
6665000 2534000
6665000 2535000
6665000 2536000
6665000 2537000
6665000 2538000
6665000 2539000
6665000 2540000
6665000 2541000
6665000 2542000
6665000 2543000
6665000 2544000
6665000 2545000
6665000 2546000
6665000 2547000
6665000 2548000
6665000 2549000
6665000 2550000
6665000 2551000
6665000 2552000
6665000 2553000
6665000 2554000
6665000 2555000
6665000 2556000
6665000 2557000
6665000 2558000
6665000 2559000
6665000 2560000
6665000 2561000
6665000 2562000
6665000 2563000
6665000 2564000
6665000 2565000
6665000 2566000
6665000 2567000
6665000 2568000
6665000 2569000
6665000 2570000
6665000 2571000
6665000 2572000
6665000 2573000
6665000 2574000
6665000 2575000
6665000 2576000
6665000 2577000
6665000 2578000
6666000 2514000
6666000 2515000
6666000 2516000
6666000 2517000
6666000 2518000
6666000 2519000
6666000 2520000
6666000 2521000
6666000 2522000
6666000 2523000
6666000 2524000
6666000 2525000
6666000 2526000
6666000 2527000
6666000 2528000
6666000 2529000
6666000 2530000
6666000 2531000
6666000 2532000
6666000 2533000
6666000 2534000
6666000 2535000
6666000 2536000
6666000 2537000
6666000 2538000
6666000 2539000
6666000 2540000
6666000 2541000
6666000 2542000
6666000 2543000
6666000 2544000
6666000 2545000
6666000 2546000
6666000 2547000
6666000 2548000
6666000 2549000
6666000 2550000
6666000 2551000
6666000 2552000
6666000 2553000
6666000 2554000
6666000 2555000
6666000 2556000
6666000 2557000
6666000 2558000
6666000 2559000
6666000 2560000
6666000 2561000
6666000 2562000
6666000 2563000
6666000 2564000
6666000 2565000
6666000 2566000
6666000 2567000
6666000 2568000
6666000 2569000
6666000 2570000
6666000 2571000
6666000 2572000
6666000 2573000
6666000 2574000
6666000 2575000
6666000 2576000
6666000 2577000
6666000 2578000
6667000 2514000
6667000 2515000
6667000 2516000
6667000 2517000
6667000 2518000
6667000 2519000
6667000 2520000
6667000 2521000
6667000 2522000
6667000 2523000
6667000 2524000
6667000 2525000
6667000 2526000
6667000 2527000
6667000 2528000
6667000 2529000
6667000 2530000
6667000 2531000
6667000 2532000
6667000 2533000
6667000 2534000
6667000 2535000
6667000 2536000
6667000 2537000
6667000 2538000
6667000 2539000
6667000 2540000
6667000 2541000
6667000 2542000
6667000 2543000
6667000 2544000
6667000 2545000
6667000 2546000
6667000 2547000
6667000 2548000
6667000 2549000
6667000 2550000
6667000 2551000
6667000 2552000
6667000 2553000
6667000 2554000
6667000 2555000
6667000 2556000
6667000 2557000
6667000 2558000
6667000 2559000
6667000 2560000
6667000 2561000
6667000 2562000
6667000 2563000
6667000 2564000
6667000 2565000
6667000 2566000
6667000 2567000
6667000 2568000
6667000 2569000
6667000 2570000
6667000 2571000
6667000 2572000
6667000 2573000
6667000 2574000
6667000 2575000
6667000 2576000
6667000 2577000
6667000 2578000
6668000 2514000
6668000 2515000
6668000 2516000
6668000 2517000
6668000 2518000
6668000 2519000
6668000 2520000
6668000 2521000
6668000 2522000
6668000 2523000
6668000 2524000
6668000 2525000
6668000 2526000
6668000 2527000
6668000 2528000
6668000 2529000
6668000 2530000
6668000 2531000
6668000 2532000
6668000 2533000
6668000 2534000
6668000 2535000
6668000 2536000
6668000 2537000
6668000 2538000
6668000 2539000
6668000 2540000
6668000 2541000
6668000 2542000
6668000 2543000
6668000 2544000
6668000 2545000
6668000 2546000
6668000 2547000
6668000 2548000
6668000 2549000
6668000 2550000
6668000 2551000
6668000 2552000
6668000 2553000
6668000 2554000
6668000 2555000
6668000 2556000
6668000 2557000
6668000 2558000
6668000 2559000
6668000 2560000
6668000 2561000
6668000 2562000
6668000 2563000
6668000 2564000
6668000 2565000
6668000 2566000
6668000 2567000
6668000 2568000
6668000 2569000
6668000 2570000
6668000 2571000
6668000 2572000
6668000 2573000
6668000 2574000
6668000 2575000
6668000 2576000
6668000 2577000
6668000 2578000
6669000 2514000
6669000 2515000
6669000 2516000
6669000 2517000
6669000 2518000
6669000 2519000
6669000 2520000
6669000 2521000
6669000 2522000
6669000 2523000
6669000 2524000
6669000 2525000
6669000 2526000
6669000 2527000
6669000 2528000
6669000 2529000
6669000 2530000
6669000 2531000
6669000 2532000
6669000 2533000
6669000 2534000
6669000 2535000
6669000 2536000
6669000 2537000
6669000 2538000
6669000 2539000
6669000 2540000
6669000 2541000
6669000 2542000
6669000 2543000
6669000 2544000
6669000 2545000
6669000 2546000
6669000 2547000
6669000 2548000
6669000 2549000
6669000 2550000
6669000 2551000
6669000 2552000
6669000 2553000
6669000 2554000
6669000 2555000
6669000 2556000
6669000 2557000
6669000 2558000
6669000 2559000
6669000 2560000
6669000 2561000
6669000 2562000
6669000 2563000
6669000 2564000
6669000 2565000
6669000 2566000
6669000 2567000
6669000 2568000
6669000 2569000
6669000 2570000
6669000 2571000
6669000 2572000
6669000 2573000
6669000 2574000
6669000 2575000
6669000 2576000
6669000 2577000
6669000 2578000
6670000 2514000
6670000 2515000
6670000 2516000
6670000 2517000
6670000 2518000
6670000 2519000
6670000 2520000
6670000 2521000
6670000 2522000
6670000 2523000
6670000 2524000
6670000 2525000
6670000 2526000
6670000 2527000
6670000 2528000
6670000 2529000
6670000 2530000
6670000 2531000
6670000 2532000
6670000 2533000
6670000 2534000
6670000 2535000
6670000 2536000
6670000 2537000
6670000 2538000
6670000 2539000
6670000 2540000
6670000 2541000
6670000 2542000
6670000 2543000
6670000 2544000
6670000 2545000
6670000 2546000
6670000 2547000
6670000 2548000
6670000 2549000
6670000 2550000
6670000 2551000
6670000 2552000
6670000 2553000
6670000 2554000
6670000 2555000
6670000 2556000
6670000 2557000
6670000 2558000
6670000 2559000
6670000 2560000
6670000 2561000
6670000 2562000
6670000 2563000
6670000 2564000
6670000 2565000
6670000 2566000
6670000 2567000
6670000 2568000
6670000 2569000
6670000 2570000
6670000 2571000
6670000 2572000
6670000 2573000
6670000 2574000
6670000 2575000
6670000 2576000
6670000 2577000
6670000 2578000
6671000 2514000
6671000 2515000
6671000 2516000
6671000 2517000
6671000 2518000
6671000 2519000
6671000 2520000
6671000 2521000
6671000 2522000
6671000 2523000
6671000 2524000
6671000 2525000
6671000 2526000
6671000 2527000
6671000 2528000
6671000 2529000
6671000 2530000
6671000 2531000
6671000 2532000
6671000 2533000
6671000 2534000
6671000 2535000
6671000 2536000
6671000 2537000
6671000 2538000
6671000 2539000
6671000 2540000
6671000 2541000
6671000 2542000
6671000 2543000
6671000 2544000
6671000 2545000
6671000 2546000
6671000 2547000
6671000 2548000
6671000 2549000
6671000 2550000
6671000 2551000
6671000 2552000
6671000 2553000
6671000 2554000
6671000 2555000
6671000 2556000
6671000 2557000
6671000 2558000
6671000 2559000
6671000 2560000
6671000 2561000
6671000 2562000
6671000 2563000
6671000 2564000
6671000 2565000
6671000 2566000
6671000 2567000
6671000 2568000
6671000 2569000
6671000 2570000
6671000 2571000
6671000 2572000
6671000 2573000
6671000 2574000
6671000 2575000
6671000 2576000
6671000 2577000
6671000 2578000
6672000 2514000
6672000 2515000
6672000 2516000
6672000 2517000
6672000 2518000
6672000 2519000
6672000 2520000
6672000 2521000
6672000 2522000
6672000 2523000
6672000 2524000
6672000 2525000
6672000 2526000
6672000 2527000
6672000 2528000
6672000 2529000
6672000 2530000
6672000 2531000
6672000 2532000
6672000 2533000
6672000 2534000
6672000 2535000
6672000 2536000
6672000 2537000
6672000 2538000
6672000 2539000
6672000 2540000
6672000 2541000
6672000 2542000
6672000 2543000
6672000 2544000
6672000 2545000
6672000 2546000
6672000 2547000
6672000 2548000
6672000 2549000
6672000 2550000
6672000 2551000
6672000 2552000
6672000 2553000
6672000 2554000
6672000 2555000
6672000 2556000
6672000 2557000
6672000 2558000
6672000 2559000
6672000 2560000
6672000 2561000
6672000 2562000
6672000 2563000
6672000 2564000
6672000 2565000
6672000 2566000
6672000 2567000
6672000 2568000
6672000 2569000
6672000 2570000
6672000 2571000
6672000 2572000
6672000 2573000
6672000 2574000
6672000 2575000
6672000 2576000
6672000 2577000
6672000 2578000
6673000 2514000
6673000 2515000
6673000 2516000
6673000 2517000
6673000 2518000
6673000 2519000
6673000 2520000
6673000 2521000
6673000 2522000
6673000 2523000
6673000 2524000
6673000 2525000
6673000 2526000
6673000 2527000
6673000 2528000
6673000 2529000
6673000 2530000
6673000 2531000
6673000 2532000
6673000 2533000
6673000 2534000
6673000 2535000
6673000 2536000
6673000 2537000
6673000 2538000
6673000 2539000
6673000 2540000
6673000 2541000
6673000 2542000
6673000 2543000
6673000 2544000
6673000 2545000
6673000 2546000
6673000 2547000
6673000 2548000
6673000 2549000
6673000 2550000
6673000 2551000
6673000 2552000
6673000 2553000
6673000 2554000
6673000 2555000
6673000 2556000
6673000 2557000
6673000 2558000
6673000 2559000
6673000 2560000
6673000 2561000
6673000 2562000
6673000 2563000
6673000 2564000
6673000 2565000
6673000 2566000
6673000 2567000
6673000 2568000
6673000 2569000
6673000 2570000
6673000 2571000
6673000 2572000
6673000 2573000
6673000 2574000
6673000 2575000
6673000 2576000
6673000 2577000
6673000 2578000
6674000 2514000
6674000 2515000
6674000 2516000
6674000 2517000
6674000 2518000
6674000 2519000
6674000 2520000
6674000 2521000
6674000 2522000
6674000 2523000
6674000 2524000
6674000 2525000
6674000 2526000
6674000 2527000
6674000 2528000
6674000 2529000
6674000 2530000
6674000 2531000
6674000 2532000
6674000 2533000
6674000 2534000
6674000 2535000
6674000 2536000
6674000 2537000
6674000 2538000
6674000 2539000
6674000 2540000
6674000 2541000
6674000 2542000
6674000 2543000
6674000 2544000
6674000 2545000
6674000 2546000
6674000 2547000
6674000 2548000
6674000 2549000
6674000 2550000
6674000 2551000
6674000 2552000
6674000 2553000
6674000 2554000
6674000 2555000
6674000 2556000
6674000 2557000
6674000 2558000
6674000 2559000
6674000 2560000
6674000 2561000
6674000 2562000
6674000 2563000
6674000 2564000
6674000 2565000
6674000 2566000
6674000 2567000
6674000 2568000
6674000 2569000
6674000 2570000
6674000 2571000
6674000 2572000
6674000 2573000
6674000 2574000
6674000 2575000
6674000 2576000
6674000 2577000
6674000 2578000
6675000 2514000
6675000 2515000
6675000 2516000
6675000 2517000
6675000 2518000
6675000 2519000
6675000 2520000
6675000 2521000
6675000 2522000
6675000 2523000
6675000 2524000
6675000 2525000
6675000 2526000
6675000 2527000
6675000 2528000
