6711000 2543000
6711000 2544000
6711000 2545000
6711000 2546000
6711000 2547000
6711000 2548000
6711000 2549000
6711000 2550000
6711000 2551000
6711000 2552000
6711000 2553000
6711000 2554000
6711000 2555000
6711000 2556000
6711000 2557000
6711000 2558000
6711000 2559000
6711000 2560000
6711000 2561000
6711000 2562000
6711000 2563000
6711000 2564000
6711000 2565000
6711000 2566000
6711000 2567000
6711000 2568000
6711000 2569000
6711000 2570000
6711000 2571000
6711000 2572000
6711000 2573000
6711000 2574000
6711000 2575000
6711000 2576000
6711000 2577000
6711000 2578000
6711000 2579000
6711000 2580000
6711000 2581000
6711000 2582000
6711000 2583000
6711000 2584000
6711000 2585000
6711000 2586000
6712000 2510000
6712000 2511000
6712000 2512000
6712000 2513000
6712000 2514000
6712000 2515000
6712000 2516000
6712000 2517000
6712000 2518000
6712000 2519000
6712000 2520000
6712000 2521000
6712000 2522000
6712000 2523000
6712000 2524000
6712000 2525000
6712000 2526000
6712000 2527000
6712000 2528000
6712000 2529000
6712000 2530000
6712000 2531000
6712000 2532000
6712000 2533000
6712000 2534000
6712000 2535000
6712000 2536000
6712000 2537000
6712000 2538000
6712000 2539000
6712000 2540000
6712000 2541000
6712000 2542000
6712000 2543000
6712000 2544000
6712000 2545000
6712000 2546000
6712000 2547000
6712000 2548000
6712000 2549000
6712000 2550000
6712000 2551000
6712000 2552000
6712000 2553000
6712000 2554000
6712000 2555000
6712000 2556000
6712000 2557000
6712000 2558000
6712000 2559000
6712000 2560000
6712000 2561000
6712000 2562000
6712000 2563000
6712000 2564000
6712000 2565000
6712000 2566000
6712000 2567000
6712000 2568000
6712000 2569000
6712000 2570000
6712000 2571000
6712000 2572000
6712000 2573000
6712000 2574000
6712000 2575000
6712000 2576000
6712000 2577000
6712000 2578000
6712000 2579000
6712000 2580000
6712000 2581000
6712000 2582000
6712000 2583000
6712000 2584000
6712000 2585000
6712000 2586000
6713000 2510000
6713000 2511000
6713000 2512000
6713000 2513000
6713000 2514000
6713000 2515000
6713000 2516000
6713000 2517000
6713000 2518000
6713000 2519000
6713000 2520000
6713000 2521000
6713000 2522000
6713000 2523000
6713000 2524000
6713000 2525000
6713000 2526000
6713000 2527000
6713000 2528000
6713000 2529000
6713000 2530000
6713000 2531000
6713000 2532000
6713000 2533000
6713000 2534000
6713000 2535000
6713000 2536000
6713000 2537000
6713000 2538000
6713000 2539000
6713000 2540000
6713000 2541000
6713000 2542000
6713000 2543000
6713000 2544000
6713000 2545000
6713000 2546000
6713000 2547000
6713000 2548000
6713000 2549000
6713000 2550000
6713000 2551000
6713000 2552000
6713000 2553000
6713000 2554000
6713000 2555000
6713000 2556000
6713000 2557000
6713000 2558000
6713000 2559000
6713000 2560000
6713000 2561000
6713000 2562000
6713000 2563000
6713000 2564000
6713000 2565000
6713000 2566000
6713000 2567000
6713000 2568000
6713000 2569000
6713000 2570000
6713000 2571000
6713000 2572000
6713000 2573000
6713000 2574000
6713000 2575000
6713000 2576000
6713000 2577000
6713000 2578000
6713000 2579000
6713000 2580000
6713000 2581000
6713000 2582000
6713000 2583000
6713000 2584000
6713000 2585000
6713000 2586000
6714000 2510000
6714000 2511000
6714000 2512000
6714000 2513000
6714000 2514000
6714000 2515000
6714000 2516000
6714000 2517000
6714000 2518000
6714000 2519000
6714000 2520000
6714000 2521000
6714000 2522000
6714000 2523000
6714000 2524000
6714000 2525000
6714000 2526000
6714000 2527000
6714000 2528000
6714000 2529000
6714000 2530000
6714000 2531000
6714000 2532000
6714000 2533000
6714000 2534000
6714000 2535000
6714000 2536000
6714000 2537000
6714000 2538000
6714000 2539000
6714000 2540000
6714000 2541000
6714000 2542000
6714000 2543000
6714000 2544000
6714000 2545000
6714000 2546000
6714000 2547000
6714000 2548000
6714000 2549000
6714000 2550000
6714000 2551000
6714000 2552000
6714000 2553000
6714000 2554000
6714000 2555000
6714000 2556000
6714000 2557000
6714000 2558000
6714000 2559000
6714000 2560000
6714000 2561000
6714000 2562000
6714000 2563000
6714000 2564000
6714000 2565000
6714000 2566000
6714000 2567000
6714000 2568000
6714000 2569000
6714000 2570000
6714000 2571000
6714000 2572000
6714000 2573000
6714000 2574000
6714000 2575000
6714000 2576000
6714000 2577000
6714000 2578000
6714000 2579000
6714000 2580000
6714000 2581000
6714000 2582000
6714000 2583000
6714000 2584000
6714000 2585000
6714000 2586000
6715000 2510000
6715000 2511000
6715000 2512000
6715000 2513000
6715000 2514000
6715000 2515000
6715000 2516000
6715000 2517000
6715000 2518000
6715000 2519000
6715000 2520000
6715000 2521000
6715000 2522000
6715000 2523000
6715000 2524000
6715000 2525000
6715000 2526000
6715000 2527000
6715000 2528000
6715000 2529000
6715000 2530000
6715000 2531000
6715000 2532000
6715000 2533000
6715000 2534000
6715000 2535000
6715000 2536000
6715000 2537000
6715000 2538000
6715000 2539000
6715000 2540000
6715000 2541000
6715000 2542000
6715000 2543000
6715000 2544000
6715000 2545000
6715000 2546000
6715000 2547000
6715000 2548000
6715000 2549000
6715000 2550000
6715000 2551000
6715000 2552000
6715000 2553000
6715000 2554000
6715000 2555000
6715000 2556000
6715000 2557000
6715000 2558000
6715000 2559000
6715000 2560000
6715000 2561000
6715000 2562000
6715000 2563000
6715000 2564000
6715000 2565000
6715000 2566000
6715000 2567000
6715000 2568000
6715000 2569000
6715000 2570000
6715000 2571000
6715000 2572000
6715000 2573000
6715000 2574000
6715000 2575000
6715000 2576000
6715000 2577000
6715000 2578000
6715000 2579000
6715000 2580000
6715000 2581000
6715000 2582000
6715000 2583000
6715000 2584000
6715000 2585000
6715000 2586000
6716000 2510000
6716000 2511000
6716000 2512000
6716000 2513000
6716000 2514000
6716000 2515000
6716000 2516000
6716000 2517000
6716000 2518000
6716000 2519000
6716000 2520000
6716000 2521000
6716000 2522000
6716000 2523000
6716000 2524000
6716000 2525000
6716000 2526000
6716000 2527000
6716000 2528000
6716000 2529000
6716000 2530000
6716000 2531000
6716000 2532000
6716000 2533000
6716000 2534000
6716000 2535000
6716000 2536000
6716000 2537000
6716000 2538000
6716000 2539000
6716000 2540000
6716000 2541000
6716000 2542000
6716000 2543000
6716000 2544000
6716000 2545000
6716000 2546000
6716000 2547000
6716000 2548000
6716000 2549000
6716000 2550000
6716000 2551000
6716000 2552000
6716000 2553000
6716000 2554000
6716000 2555000
6716000 2556000
6716000 2557000
6716000 2558000
6716000 2559000
6716000 2560000
6716000 2561000
6716000 2562000
6716000 2563000
6716000 2564000
6716000 2565000
6716000 2566000
6716000 2567000
6716000 2568000
6716000 2569000
6716000 2570000
6716000 2571000
6716000 2572000
6716000 2573000
6716000 2574000
6716000 2575000
6716000 2576000
6716000 2577000
6716000 2578000
6716000 2579000
6716000 2580000
6716000 2581000
6716000 2582000
6716000 2583000
6716000 2584000
6716000 2585000
6716000 2586000
6717000 2510000
6717000 2511000
6717000 2512000
6717000 2513000
6717000 2514000
6717000 2515000
6717000 2516000
6717000 2517000
6717000 2518000
6717000 2519000
6717000 2520000
6717000 2521000
6717000 2522000
6717000 2523000
6717000 2524000
6717000 2525000
6717000 2526000
6717000 2527000
6717000 2528000
6717000 2529000
6717000 2530000
6717000 2531000
6717000 2532000
6717000 2533000
6717000 2534000
6717000 2535000
6717000 2536000
6717000 2537000
6717000 2538000
6717000 2539000
6717000 2540000
6717000 2541000
6717000 2542000
6717000 2543000
6717000 2544000
6717000 2545000
6717000 2546000
6717000 2547000
6717000 2548000
6717000 2549000
6717000 2550000
6717000 2551000
6717000 2552000
6717000 2553000
6717000 2554000
6717000 2555000
6717000 2556000
6717000 2557000
6717000 2558000
6717000 2559000
6717000 2560000
6717000 2561000
6717000 2562000
6717000 2563000
6717000 2564000
6717000 2565000
6717000 2566000
6717000 2567000
6717000 2568000
6717000 2569000
6717000 2570000
6717000 2571000
6717000 2572000
6717000 2573000
6717000 2574000
6717000 2575000
6717000 2576000
6717000 2577000
6717000 2578000
6717000 2579000
6717000 2580000
6717000 2581000
6717000 2582000
6717000 2583000
6717000 2584000
6717000 2585000
6717000 2586000
6718000 2510000
6718000 2511000
6718000 2512000
6718000 2513000
6718000 2514000
6718000 2515000
6718000 2516000
6718000 2517000
6718000 2518000
6718000 2519000
6718000 2520000
6718000 2521000
6718000 2522000
6718000 2523000
6718000 2524000
6718000 2525000
6718000 2526000
6718000 2527000
6718000 2528000
6718000 2529000
6718000 2530000
6718000 2531000
6718000 2532000
6718000 2533000
6718000 2534000
6718000 2535000
6718000 2536000
6718000 2537000
6718000 2538000
6718000 2539000
6718000 2540000
6718000 2541000
6718000 2542000
6718000 2543000
6718000 2544000
6718000 2545000
6718000 2546000
6718000 2547000
6718000 2548000
6718000 2549000
6718000 2550000
6718000 2551000
6718000 2552000
6718000 2553000
6718000 2554000
6718000 2555000
6718000 2556000
6718000 2557000
6718000 2558000
6718000 2559000
6718000 2560000
6718000 2561000
6718000 2562000
6718000 2563000
6718000 2564000
6718000 2565000
6718000 2566000
6718000 2567000
6718000 2568000
6718000 2569000
6718000 2570000
6718000 2571000
6718000 2572000
6718000 2573000
6718000 2574000
6718000 2575000
6718000 2576000
6718000 2577000
6718000 2578000
6718000 2579000
6718000 2580000
6718000 2581000
6718000 2582000
6718000 2583000
6718000 2584000
6718000 2585000
6718000 2586000
6719000 2510000
6719000 2511000
6719000 2512000
6719000 2513000
6719000 2514000
6719000 2515000
6719000 2516000
6719000 2517000
6719000 2518000
6719000 2519000
6719000 2520000
6719000 2521000
6719000 2522000
6719000 2523000
6719000 2524000
6719000 2525000
6719000 2526000
6719000 2527000
6719000 2528000
6719000 2529000
6719000 2530000
6719000 2531000
6719000 2532000
6719000 2533000
6719000 2534000
6719000 2535000
6719000 2536000
6719000 2537000
6719000 2538000
6719000 2539000
6719000 2540000
6719000 2541000
6719000 2542000
6719000 2543000
6719000 2544000
6719000 2545000
6719000 2546000
6719000 2547000
6719000 2548000
6719000 2549000
6719000 2550000
6719000 2551000
6719000 2552000
6719000 2553000
6719000 2554000
6719000 2555000
6719000 2556000
6719000 2557000
6719000 2558000
6719000 2559000
6719000 2560000
6719000 2561000
6719000 2562000
6719000 2563000
6719000 2564000
6719000 2565000
6719000 2566000
6719000 2567000
6719000 2568000
6719000 2569000
6719000 2570000
6719000 2571000
6719000 2572000
6719000 2573000
6719000 2574000
6719000 2575000
6719000 2576000
6719000 2577000
6719000 2578000
6719000 2579000
6719000 2580000
6719000 2581000
6719000 2582000
6719000 2583000
6719000 2584000
6719000 2585000
6719000 2586000
6720000 2510000
6720000 2511000
6720000 2512000
6720000 2513000
6720000 2514000
6720000 2515000
6720000 2516000
6720000 2517000
6720000 2518000
6720000 2519000
6720000 2520000
6720000 2521000
6720000 2522000
6720000 2523000
6720000 2524000
6720000 2525000
6720000 2526000
6720000 2527000
6720000 2528000
6720000 2529000
6720000 2530000
6720000 2531000
6720000 2532000
6720000 2533000
6720000 2534000
6720000 2535000
6720000 2536000
6720000 2537000
6720000 2538000
6720000 2539000
6720000 2540000
6720000 2541000
6720000 2542000
6720000 2543000
6720000 2544000
6720000 2545000
6720000 2546000
6720000 2547000
6720000 2548000
6720000 2549000
6720000 2550000
6720000 2551000
6720000 2552000
6720000 2553000
6720000 2554000
6720000 2555000
6720000 2556000
6720000 2557000
6720000 2558000
6720000 2559000
6720000 2560000
6720000 2561000
6720000 2562000
6720000 2563000
6720000 2564000
6720000 2565000
6720000 2566000
6720000 2567000
6720000 2568000
6720000 2569000
6720000 2570000
6720000 2571000
6720000 2572000
6720000 2573000
6720000 2574000
6720000 2575000
6720000 2576000
6720000 2577000
6720000 2578000
6720000 2579000
6720000 2580000
6720000 2581000
6720000 2582000
6720000 2583000
6720000 2584000
6720000 2585000
6720000 2586000
