60.0962 24.3922
60.0961 24.4101
60.0961 24.4281
60.0960 24.4461
60.0960 24.4641
60.0959 24.4820
60.0958 24.5000
60.0958 24.5180
60.0957 24.5360
60.0956 24.5539
60.0955 24.5719
60.0955 24.5899
60.0954 24.6078
60.0953 24.6258
60.0952 24.6438
60.0951 24.6618
60.0950 24.6797
60.0949 24.6977
60.0948 24.7157
60.0947 24.7336
60.0946 24.7516
60.0945 24.7696
60.0944 24.7876
60.0943 24.8055
60.0942 24.8235
60.0941 24.8415
60.0940 24.8594
60.0939 24.8774
60.0937 24.8954
60.0936 24.9133
60.0935 24.9313
60.0934 24.9493
60.0932 24.9673
60.0931 24.9852
60.0930 25.0032
60.0928 25.0212
60.0927 25.0391
60.0926 25.0571
60.0924 25.0751
60.0923 25.0930
60.0921 25.1110
60.0920 25.1290
60.0918 25.1469
60.0916 25.1649
60.0915 25.1829
60.0913 25.2008
60.0912 25.2188
60.0910 25.2368
60.0908 25.2547
60.1052 24.3923
60.1051 24.4103
60.1051 24.4282
60.1050 24.4462
60.1049 24.4642
60.1049 24.4822
60.1048 24.5001
60.1047 24.5181
60.1047 24.5361
60.1046 24.5541
60.1045 24.5721
60.1044 24.5900
60.1044 24.6080
60.1043 24.6260
60.1042 24.6440
60.1041 24.6619
60.1040 24.6799
60.1039 24.6979
60.1038 24.7159
60.1037 24.7338
60.1036 24.7518
60.1035 24.7698
60.1034 24.7878
60.1033 24.8057
60.1032 24.8237
60.1031 24.8417
60.1030 24.8597
60.1028 24.8776
60.1027 24.8956
60.1026 24.9136
60.1025 24.9316
60.1023 24.9495
60.1022 24.9675
60.1021 24.9855
60.1019 25.0035
60.1018 25.0214
60.1017 25.0394
60.1015 25.0574
60.1014 25.0754
60.1012 25.0933
60.1011 25.1113
60.1009 25.1293
60.1008 25.1472
60.1006 25.1652
60.1005 25.1832
60.1003 25.2012
60.1001 25.2191
60.1000 25.2371
60.0998 25.2551
60.1141 24.3924
60.1141 24.4104
60.1140 24.4283
60.1140 24.4463
60.1139 24.4643
60.1138 24.4823
60.1138 24.5003
60.1137 24.5183
60.1136 24.5362
60.1136 24.5542
60.1135 24.5722
60.1134 24.5902
60.1133 24.6082
60.1132 24.6262
60.1132 24.6441
60.1131 24.6621
60.1130 24.6801
60.1129 24.6981
60.1128 24.7161
60.1127 24.7340
60.1126 24.7520
60.1125 24.7700
60.1124 24.7880
60.1123 24.8060
60.1122 24.8239
60.1120 24.8419
60.1119 24.8599
60.1118 24.8779
60.1117 24.8959
60.1116 24.9138
60.1114 24.9318
60.1113 24.9498
60.1112 24.9678
60.1111 24.9858
60.1109 25.0037
60.1108 25.0217
60.1106 25.0397
60.1105 25.0577
60.1104 25.0756
60.1102 25.0936
60.1101 25.1116
60.1099 25.1296
60.1098 25.1476
60.1096 25.1655
60.1094 25.1835
60.1093 25.2015
60.1091 25.2195
60.1089 25.2374
60.1088 25.2554
60.1231 24.3925
60.1231 24.4105
60.1230 24.4285
60.1229 24.4465
60.1229 24.4644
60.1228 24.4824
60.1228 24.5004
60.1227 24.5184
60.1226 24.5364
60.1225 24.5544
60.1225 24.5724
60.1224 24.5903
60.1223 24.6083
60.1222 24.6263
60.1221 24.6443
60.1220 24.6623
60.1220 24.6803
60.1219 24.6983
60.1218 24.7163
60.1217 24.7342
60.1216 24.7522
60.1215 24.7702
60.1214 24.7882
60.1212 24.8062
60.1211 24.8242
60.1210 24.8422
60.1209 24.8601
60.1208 24.8781
60.1207 24.8961
60.1205 24.9141
60.1204 24.9321
60.1203 24.9501
60.1202 24.9680
60.1200 24.9860
60.1199 25.0040
60.1198 25.0220
60.1196 25.0400
60.1195 25.0580
60.1193 25.0759
60.1192 25.0939
60.1190 25.1119
60.1189 25.1299
60.1187 25.1479
60.1186 25.1659
60.1184 25.1838
60.1182 25.2018
60.1181 25.2198
60.1179 25.2378
60.1177 25.2558
60.1321 24.3926
60.1320 24.4106
60.1320 24.4286
60.1319 24.4466
60.1319 24.4646
60.1318 24.4826
60.1317 24.5006
60.1317 24.5185
60.1316 24.5365
60.1315 24.5545
60.1314 24.5725
60.1314 24.5905
60.1313 24.6085
60.1312 24.6265
60.1311 24.6445
60.1310 24.6625
60.1309 24.6805
60.1308 24.6985
60.1307 24.7164
60.1306 24.7344
60.1305 24.7524
60.1304 24.7704
60.1303 24.7884
60.1302 24.8064
60.1301 24.8244
60.1300 24.8424
60.1299 24.8604
60.1298 24.8784
60.1296 24.8963
60.1295 24.9143
60.1294 24.9323
60.1293 24.9503
60.1291 24.9683
60.1290 24.9863
60.1289 25.0043
60.1287 25.0223
60.1286 25.0403
60.1284 25.0582
60.1283 25.0762
60.1282 25.0942
60.1280 25.1122
60.1279 25.1302
60.1277 25.1482
60.1275 25.1662
60.1274 25.1842
60.1272 25.2021
60.1271 25.2201
60.1269 25.2381
60.1267 25.2561
60.1411 24.3927
60.1410 24.4107
60.1410 24.4287
60.1409 24.4467
60.1408 24.4647
60.1408 24.4827
60.1407 24.5007
60.1406 24.5187
60.1406 24.5367
60.1405 24.5547
60.1404 24.5727
60.1403 24.5907
60.1403 24.6087
60.1402 24.6267
60.1401 24.6447
60.1400 24.6627
60.1399 24.6807
60.1398 24.6986
60.1397 24.7166
60.1396 24.7346
60.1395 24.7526
60.1394 24.7706
60.1393 24.7886
60.1392 24.8066
60.1391 24.8246
60.1390 24.8426
60.1389 24.8606
60.1387 24.8786
60.1386 24.8966
60.1385 24.9146
60.1384 24.9326
60.1382 24.9506
60.1381 24.9686
60.1380 24.9866
60.1378 25.0046
60.1377 25.0225
60.1376 25.0405
60.1374 25.0585
60.1373 25.0765
60.1371 25.0945
60.1370 25.1125
60.1368 25.1305
60.1367 25.1485
60.1365 25.1665
60.1364 25.1845
60.1362 25.2025
60.1360 25.2205
60.1359 25.2385
60.1357 25.2564
60.1500 24.3928
60.1500 24.4108
60.1499 24.4288
60.1499 24.4468
60.1498 24.4648
60.1497 24.4828
60.1497 24.5008
60.1496 24.5188
60.1495 24.5368
60.1495 24.5548
60.1494 24.5728
60.1493 24.5908
60.1492 24.6088
60.1491 24.6268
60.1491 24.6448
60.1490 24.6628
60.1489 24.6808
60.1488 24.6988
60.1487 24.7168
60.1486 24.7348
60.1485 24.7528
60.1484 24.7708
60.1483 24.7888
60.1482 24.8068
60.1481 24.8248
60.1479 24.8428
60.1478 24.8608
60.1477 24.8788
60.1476 24.8968
60.1475 24.9148
60.1473 24.9328
60.1472 24.9508
60.1471 24.9688
60.1470 24.9868
60.1468 25.0048
60.1467 25.0228
60.1465 25.0408
60.1464 25.0588
60.1462 25.0768
60.1461 25.0948
60.1460 25.1128
60.1458 25.1308
60.1456 25.1488
60.1455 25.1668
60.1453 25.1848
60.1452 25.2028
60.1450 25.2208
60.1448 25.2388
60.1447 25.2568
60.1590 24.3929
60.1590 24.4109
60.1589 24.4289
60.1588 24.4469
60.1588 24.4649
60.1587 24.4830
60.1587 24.5010
60.1586 24.5190
60.1585 24.5370
60.1584 24.5550
60.1584 24.5730
60.1583 24.5910
60.1582 24.6090
60.1581 24.6270
60.1580 24.6450
60.1579 24.6630
60.1579 24.6810
60.1578 24.6990
60.1577 24.7170
60.1576 24.7350
60.1575 24.7530
60.1574 24.7710
60.1573 24.7891
60.1571 24.8071
60.1570 24.8251
60.1569 24.8431
60.1568 24.8611
60.1567 24.8791
60.1566 24.8971
60.1564 24.9151
60.1563 24.9331
60.1562 24.9511
60.1561 24.9691
60.1559 24.9871
60.1558 25.0051
60.1557 25.0231
60.1555 25.0411
60.1554 25.0591
60.1552 25.0771
60.1551 25.0951
60.1549 25.1131
60.1548 25.1311
60.1546 25.1491
60.1545 25.1671
60.1543 25.1851
60.1541 25.2031
60.1540 25.2211
60.1538 25.2391
60.1536 25.2571
60.1680 24.3930
60.1679 24.4110
60.1679 24.4291
60.1678 24.4471
60.1678 24.4651
60.1677 24.4831
60.1676 24.5011
60.1676 24.5191
60.1675 24.5371
60.1674 24.5551
60.1673 24.5731
60.1673 24.5912
60.1672 24.6092
60.1671 24.6272
60.1670 24.6452
60.1669 24.6632
60.1668 24.6812
60.1667 24.6992
60.1666 24.7172
60.1665 24.7352
60.1664 24.7532
60.1663 24.7713
60.1662 24.7893
60.1661 24.8073
60.1660 24.8253
60.1659 24.8433
60.1658 24.8613
60.1657 24.8793
60.1655 24.8973
60.1654 24.9153
60.1653 24.9333
60.1652 24.9514
60.1650 24.9694
60.1649 24.9874
60.1648 25.0054
60.1646 25.0234
60.1645 25.0414
60.1643 25.0594
60.1642 25.0774
60.1641 25.0954
60.1639 25.1134
60.1637 25.1314
60.1636 25.1494
60.1634 25.1674
60.1633 25.1854
60.1631 25.2035
60.1629 25.2215
60.1628 25.2395
60.1626 25.2575
60.1770 24.3931
60.1769 24.4112
60.1769 24.4292
60.1768 24.4472
60.1767 24.4652
60.1767 24.4832
60.1766 24.5012
60.1765 24.5193
60.1765 24.5373
60.1764 24.5553
60.1763 24.5733
60.1762 24.5913
60.1762 24.6093
60.1761 24.6273
60.1760 24.6454
60.1759 24.6634
60.1758 24.6814
60.1757 24.6994
60.1756 24.7174
60.1755 24.7354
60.1754 24.7535
60.1753 24.7715
60.1752 24.7895
60.1751 24.8075
60.1750 24.8255
60.1749 24.8435
60.1748 24.8615
60.1746 24.8796
60.1745 24.8976
60.1744 24.9156
60.1743 24.9336
60.1741 24.9516
60.1740 24.9696
60.1739 24.9876
60.1737 25.0057
60.1736 25.0237
60.1735 25.0417
60.1733 25.0597
60.1732 25.0777
60.1730 25.0957
60.1729 25.1137
60.1727 25.1317
60.1726 25.1497
60.1724 25.1678
60.1722 25.1858
60.1721 25.2038
60.1719 25.2218
60.1718 25.2398
60.1716 25.2578
60.1859 24.3932
60.1859 24.4113
60.1858 24.4293
60.1858 24.4473
60.1857 24.4653
60.1856 24.4833
60.1856 24.5014
60.1855 24.5194
60.1854 24.5374
60.1854 24.5554
60.1853 24.5735
60.1852 24.5915
60.1851 24.6095
60.1850 24.6275
60.1850 24.6455
60.1849 24.6636
60.1848 24.6816
60.1847 24.6996
60.1846 24.7176
60.1845 24.7356
60.1844 24.7537
60.1843 24.7717
60.1842 24.7897
60.1841 24.8077
60.1840 24.8257
60.1838 24.8438
60.1837 24.8618
60.1836 24.8798
60.1835 24.8978
60.1834 24.9158
60.1832 24.9339
60.1831 24.9519
60.1830 24.9699
60.1828 24.9879
60.1827 25.0059
60.1826 25.0239
60.1824 25.0420
60.1823 25.0600
60.1821 25.0780
60.1820 25.0960
60.1818 25.1140
60.1817 25.1320
60.1815 25.1501
60.1814 25.1681
60.1812 25.1861
60.1811 25.2041
60.1809 25.2221
60.1807 25.2401
60.1806 25.2582
60.1949 24.3933
60.1949 24.4114
60.1948 24.4294
60.1947 24.4474
60.1947 24.4655
60.1946 24.4835
60.1946 24.5015
60.1945 24.5195
60.1944 24.5376
60.1943 24.5556
60.1943 24.5736
60.1942 24.5916
60.1941 24.6097
60.1940 24.6277
60.1939 24.6457
60.1938 24.6637
60.1937 24.6818
60.1937 24.6998
60.1936 24.7178
60.1935 24.7358
60.1934 24.7539
60.1933 24.7719
60.1931 24.7899
60.1930 24.8079
60.1929 24.8260
60.1928 24.8440
60.1927 24.8620
60.1926 24.8800
60.1925 24.8981
60.1923 24.9161
60.1922 24.9341
60.1921 24.9521
60.1920 24.9702
60.1918 24.9882
60.1917 25.0062
60.1915 25.0242
60.1914 25.0422
60.1913 25.0603
60.1911 25.0783
60.1910 25.0963
60.1908 25.1143
60.1907 25.1324
60.1905 25.1504
60.1904 25.1684
60.1902 25.1864
60.1900 25.2044
60.1899 25.2225
60.1897 25.2405
60.1895 25.2585
60.2039 24.3935
60.2038 24.4115
60.2038 24.4295
60.2037 24.4475
60.2037 24.4656
60.2036 24.4836
60.2035 24.5016
60.2035 24.5197
60.2034 24.5377
60.2033 24.5557
60.2032 24.5738
60.2032 24.5918
60.2031 24.6098
60.2030 24.6279
60.2029 24.6459
60.2028 24.6639
60.2027 24.6820
60.2026 24.7000
60.2025 24.7180
60.2024 24.7360
60.2023 24.7541
60.2022 24.7721
60.2021 24.7901
60.2020 24.8082
60.2019 24.8262
60.2018 24.8442
60.2017 24.8622
60.2016 24.8803
60.2014 24.8983
60.2013 24.9163
60.2012 24.9344
60.2011 24.9524
60.2009 24.9704
60.2008 24.9884
60.2007 25.0065
60.2005 25.0245
60.2004 25.0425
60.2002 25.0606
60.2001 25.0786
60.1999 25.0966
60.1998 25.1146
60.1996 25.1327
60.1995 25.1507
60.1993 25.1687
60.1992 25.1867
60.1990 25.2048
60.1988 25.2228
60.1987 25.2408
60.1985 25.2588
60.2129 24.3936
60.2128 24.4116
60.2128 24.4296
60.2127 24.4477
60.2126 24.4657
60.2126 24.4837
60.2125 24.5018
60.2124 24.5198
60.2124 24.5379
60.2123 24.5559
60.2122 24.5739
60.2121 24.5920
60.2121 24.6100
60.2120 24.6280
60.2119 24.6461
60.2118 24.6641
60.2117 24.6821
60.2116 24.7002
60.2115 24.7182
60.2114 24.7362
60.2113 24.7543
60.2112 24.7723
60.2111 24.7903
60.2110 24.8084
60.2109 24.8264
60.2108 24.8444
60.2106 24.8625
60.2105 24.8805
60.2104 24.8986
60.2103 24.9166
60.2102 24.9346
60.2100 24.9527
60.2099 24.9707
60.2098 24.9887
60.2096 25.0067
60.2095 25.0248
60.2094 25.0428
60.2092 25.0608
60.2091 25.0789
60.2089 25.0969
60.2088 25.1149
60.2086 25.1330
60.2085 25.1510
60.2083 25.1690
60.2081 25.1871
60.2080 25.2051
60.2078 25.2231
60.2076 25.2412
60.2075 25.2592
60.2218 24.3937
60.2218 24.4117
60.2217 24.4298
60.2217 24.4478
60.2216 24.4658
60.2215 24.4839
60.2215 24.5019
60.2214 24.5200
60.2213 24.5380
60.2213 24.5560
60.2212 24.5741
60.2211 24.5921
60.2210 24.6102
60.2209 24.6282
60.2209 24.6462
60.2208 24.6643
60.2207 24.6823
60.2206 24.7004
60.2205 24.7184
60.2204 24.7364
60.2203 24.7545
60.2202 24.7725
60.2201 24.7906
60.2200 24.8086
60.2199 24.8266
60.2197 24.8447
60.2196 24.8627
60.2195 24.8808
60.2194 24.8988
60.2193 24.9168
60.2191 24.9349
60.2190 24.9529
60.2189 24.9709
60.2187 24.9890
60.2186 25.0070
60.2185 25.0251
60.2183 25.0431
60.2182 25.0611
60.2180 25.0792
60.2179 25.0972
60.2177 25.1152
60.2176 25.1333
60.2174 25.1513
60.2173 25.1694
60.2171 25.1874
60.2170 25.2054
60.2168 25.2235
60.2166 25.2415
60.2165 25.2595
60.2308 24.3938
60.2308 24.4118
60.2307 24.4299
60.2306 24.4479
60.2306 24.4660
60.2305 24.4840
60.2305 24.5021
60.2304 24.5201
60.2303 24.5381
60.2302 24.5562
60.2302 24.5742
60.2301 24.5923
60.2300 24.6103
60.2299 24.6284
60.2298 24.6464
60.2297 24.6645
60.2296 24.6825
60.2296 24.7006
60.2295 24.7186
60.2294 24.7366
60.2293 24.7547
60.2292 24.7727
60.2290 24.7908
60.2289 24.8088
60.2288 24.8269
60.2287 24.8449
60.2286 24.8630
60.2285 24.8810
60.2284 24.8990
60.2282 24.9171
60.2281 24.9351
60.2280 24.9532
60.2279 24.9712
60.2277 24.9893
60.2276 25.0073
60.2274 25.0253
60.2273 25.0434
60.2272 25.0614
60.2270 25.0795
60.2269 25.0975
60.2267 25.1156
60.2266 25.1336
60.2264 25.1516
60.2263 25.1697
60.2261 25.1877
60.2259 25.2058
60.2258 25.2238
60.2256 25.2418
60.2254 25.2599
60.2398 24.3939
60.2397 24.4119
60.2397 24.4300
60.2396 24.4480
60.2396 24.4661
60.2395 24.4841
60.2394 24.5022
60.2394 24.5202
60.2393 24.5383
60.2392 24.5563
60.2391 24.5744
60.2391 24.5924
60.2390 24.6105
60.2389 24.6285
60.2388 24.6466
60.2387 24.6646
60.2386 24.6827
60.2385 24.7007
60.2384 24.7188
60.2383 24.7368
60.2382 24.7549
60.2381 24.7729
60.2380 24.7910
60.2379 24.8090
60.2378 24.8271
60.2377 24.8451
60.2376 24.8632
60.2375 24.8812
60.2373 24.8993
60.2372 24.9173
60.2371 24.9354
60.2370 24.9534
60.2368 24.9715
60.2367 24.9895
60.2366 25.0076
60.2364 25.0256
60.2363 25.0437
60.2361 25.0617
60.2360 25.0798
60.2358 25.0978
60.2357 25.1159
60.2355 25.1339
60.2354 25.1519
60.2352 25.1700
60.2351 25.1880
60.2349 25.2061
60.2347 25.2241
60.2346 25.2422
60.2344 25.2602
60.2488 24.3940
60.2487 24.4120
60.2487 24.4301
60.2486 24.4482
60.2485 24.4662
60.2485 24.4843
60.2484 24.5023
60.2483 24.5204
60.2483 24.5384
60.2482 24.5565
60.2481 24.5746
60.2480 24.5926
60.2479 24.6107
60.2479 24.6287
60.2478 24.6468
60.2477 24.6648
60.2476 24.6829
60.2475 24.7009
60.2474 24.7190
60.2473 24.7370
60.2472 24.7551
60.2471 24.7732
60.2470 24.7912
60.2469 24.8093
60.2468 24.8273
60.2467 24.8454
60.2465 24.8634
60.2464 24.8815
60.2463 24.8995
60.2462 24.9176
60.2461 24.9356
60.2459 24.9537
60.2458 24.9717
60.2457 24.9898
60.2455 25.0079
60.2454 25.0259
60.2453 25.0440
60.2451 25.0620
60.2450 25.0801
60.2448 25.0981
60.2447 25.1162
60.2445 25.1342
60.2444 25.1523
60.2442 25.1703
60.2440 25.1884
60.2439 25.2064
60.2437 25.2245
60.2435 25.2425
60.2434 25.2606
60.2577 24.3941
60.2577 24.4122
60.2576 24.4302
60.2576 24.4483
60.2575 24.4663
60.2574 24.4844
60.2574 24.5025
60.2573 24.5205
60.2572 24.5386
60.2572 24.5566
60.2571 24.5747
60.2570 24.5928
60.2569 24.6108
60.2568 24.6289
60.2568 24.6470
60.2567 24.6650
60.2566 24.6831
60.2565 24.7011
60.2564 24.7192
60.2563 24.7372
60.2562 24.7553
60.2561 24.7734
60.2560 24.7914
60.2559 24.8095
60.2558 24.8275
60.2556 24.8456
60.2555 24.8637
60.2554 24.8817
60.2553 24.8998
60.2552 24.9178
60.2550 24.9359
60.2549 24.9540
60.2548 24.9720
60.2546 24.9901
60.2545 25.0081
60.2544 25.0262
60.2542 25.0442
60.2541 25.0623
60.2539 25.0804
60.2538 25.0984
60.2536 25.1165
60.2535 25.1345
60.2533 25.1526
60.2532 25.1706
60.2530 25.1887
60.2528 25.2067
60.2527 25.2248
60.2525 25.2429
60.2523 25.2609
60.2667 24.3942
60.2667 24.4123
60.2666 24.4303
60.2665 24.4484
60.2665 24.4665
60.2664 24.4845
60.2664 24.5026
60.2663 24.5207
60.2662 24.5387
60.2661 24.5568
60.2661 24.5749
60.2660 24.5929
60.2659 24.6110
60.2658 24.6291
60.2657 24.6471
60.2656 24.6652
60.2655 24.6833
60.2655 24.7013
60.2654 24.7194
60.2653 24.7375
60.2652 24.7555
60.2651 24.7736
60.2649 24.7916
60.2648 24.8097
60.2647 24.8278
60.2646 24.8458
60.2645 24.8639
60.2644 24.8820
60.2643 24.9000
60.2641 24.9181
60.2640 24.9362
60.2639 24.9542
60.2637 24.9723
60.2636 24.9903
60.2635 25.0084
60.2633 25.0265
60.2632 25.0445
60.2631 25.0626
60.2629 25.0806
60.2628 25.0987
60.2626 25.1168
60.2625 25.1348
60.2623 25.1529
60.2621 25.1710
60.2620 25.1890
60.2618 25.2071
60.2617 25.2251
60.2615 25.2432
60.2613 25.2613
60.2757 24.3943
60.2756 24.4124
60.2756 24.4305
60.2755 24.4485
60.2755 24.4666
60.2754 24.4847
60.2753 24.5027
60.2753 24.5208
60.2752 24.5389
60.2751 24.5570
60.2750 24.5750
60.2750 24.5931
60.2749 24.6112
60.2748 24.6292
60.2747 24.6473
60.2746 24.6654
60.2745 24.6834
60.2744 24.7015
60.2743 24.7196
60.2742 24.7377
60.2741 24.7557
60.2740 24.7738
60.2739 24.7919
60.2738 24.8099
60.2737 24.8280
60.2736 24.8461
60.2735 24.8641
60.2734 24.8822
60.2732 24.9003
60.2731 24.9183
60.2730 24.9364
60.2729 24.9545
60.2727 24.9725
60.2726 24.9906
60.2725 25.0087
60.2723 25.0267
60.2722 25.0448
60.2720 25.0629
60.2719 25.0809
60.2717 25.0990
60.2716 25.1171
60.2714 25.1351
60.2713 25.1532
60.2711 25.1713
60.2710 25.1893
60.2708 25.2074
60.2706 25.2255
60.2705 25.2435
60.2703 25.2616
60.2847 24.3944
60.2846 24.4125
60.2846 24.4306
60.2845 24.4487
60.2844 24.4667
60.2844 24.4848
60.2843 24.5029
60.2842 24.5210
60.2842 24.5390
60.2841 24.5571
60.2840 24.5752
60.2839 24.5933
60.2838 24.6113
60.2838 24.6294
60.2837 24.6475
60.2836 24.6656
60.2835 24.6836
60.2834 24.7017
60.2833 24.7198
60.2832 24.7379
60.2831 24.7559
60.2830 24.7740
60.2829 24.7921
60.2828 24.8102
60.2827 24.8282
60.2826 24.8463
60.2824 24.8644
60.2823 24.8824
60.2822 24.9005
60.2821 24.9186
60.2820 24.9367
60.2818 24.9547
60.2817 24.9728
60.2816 24.9909
60.2814 25.0090
60.2813 25.0270
60.2811 25.0451
60.2810 25.0632
60.2809 25.0812
60.2807 25.0993
60.2806 25.1174
60.2804 25.1355
60.2802 25.1535
60.2801 25.1716
60.2799 25.1897
60.2798 25.2077
60.2796 25.2258
60.2794 25.2439
60.2793 25.2619
60.2936 24.3945
60.2936 24.4126
60.2935 24.4307
60.2935 24.4488
60.2934 24.4669
60.2933 24.4849
60.2933 24.5030
60.2932 24.5211
60.2931 24.5392
60.2931 24.5573
60.2930 24.5753
60.2929 24.5934
60.2928 24.6115
60.2927 24.6296
60.2927 24.6477
60.2926 24.6657
60.2925 24.6838
60.2924 24.7019
60.2923 24.7200
60.2922 24.7381
60.2921 24.7561
60.2920 24.7742
60.2919 24.7923
60.2918 24.8104
60.2916 24.8285
60.2915 24.8465
60.2914 24.8646
60.2913 24.8827
60.2912 24.9008
60.2911 24.9188
60.2909 24.9369
60.2908 24.9550
60.2907 24.9731
60.2905 24.9912
60.2904 25.0092
60.2903 25.0273
60.2901 25.0454
60.2900 25.0635
60.2898 25.0815
60.2897 25.0996
60.2895 25.1177
60.2894 25.1358
60.2892 25.1538
60.2891 25.1719
60.2889 25.1900
60.2887 25.2081
60.2886 25.2261
60.2884 25.2442
60.2882 25.2623
60.3026 24.3946
60.3026 24.4127
60.3025 24.4308
60.3024 24.4489
60.3024 24.4670
60.3023 24.4851
60.3023 24.5032
60.3022 24.5212
60.3021 24.5393
60.3020 24.5574
60.3020 24.5755
60.3019 24.5936
60.3018 24.6117
60.3017 24.6298
60.3016 24.6478
60.3015 24.6659
60.3014 24.6840
60.3014 24.7021
60.3013 24.7202
60.3012 24.7383
60.3011 24.7563
60.3009 24.7744
60.3008 24.7925
60.3007 24.8106
60.3006 24.8287
60.3005 24.8468
60.3004 24.8648
60.3003 24.8829
60.3002 24.9010
60.3000 24.9191
60.2999 24.9372
60.2998 24.9553
60.2996 24.9733
60.2995 24.9914
60.2994 25.0095
60.2992 25.0276
60.2991 25.0457
60.2989 25.0638
60.2988 25.0818
60.2987 25.0999
60.2985 25.1180
60.2984 25.1361
60.2982 25.1542
60.2980 25.1722
60.2979 25.1903
60.2977 25.2084
60.2975 25.2265
60.2974 25.2446
60.2972 25.2626
60.3116 24.3947
60.3115 24.4128
60.3115 24.4309
60.3114 24.4490
60.3114 24.4671
60.3113 24.4852
60.3112 24.5033
60.3112 24.5214
60.3111 24.5395
60.3110 24.5576
60.3109 24.5757
60.3109 24.5937
60.3108 24.6118
60.3107 24.6299
60.3106 24.6480
60.3105 24.6661
60.3104 24.6842
60.3103 24.7023
60.3102 24.7204
60.3101 24.7385
60.3100 24.7566
60.3099 24.7746
60.3098 24.7927
60.3097 24.8108
60.3096 24.8289
60.3095 24.8470
60.3094 24.8651
60.3092 24.8832
60.3091 24.9013
60.3090 24.9193
60.3089 24.9374
60.3087 24.9555
60.3086 24.9736
60.3085 24.9917
60.3083 25.0098
60.3082 25.0279
60.3081 25.0460
60.3079 25.0640
60.3078 25.0821
60.3076 25.1002
60.3075 25.1183
60.3073 25.1364
60.3072 25.1545
60.3070 25.1726
60.3069 25.1906
60.3067 25.2087
60.3065 25.2268
60.3064 25.2449
60.3062 25.2630
60.3206 24.3949
60.3205 24.4130
60.3205 24.4310
60.3204 24.4491
60.3203 24.4672
60.3203 24.4853
60.3202 24.5034
60.3201 24.5215
60.3201 24.5396
60.3200 24.5577
60.3199 24.5758
60.3198 24.5939
60.3197 24.6120
60.3197 24.6301
60.3196 24.6482
60.3195 24.6663
60.3194 24.6844
60.3193 24.7025
60.3192 24.7206
60.3191 24.7387
60.3190 24.7568
60.3189 24.7749
60.3188 24.7929
60.3187 24.8110
60.3186 24.8291
60.3185 24.8472
60.3183 24.8653
60.3182 24.8834
60.3181 24.9015
60.3180 24.9196
60.3179 24.9377
60.3177 24.9558
60.3176 24.9739
60.3175 24.9920
60.3173 25.0101
60.3172 25.0282
60.3170 25.0462
60.3169 25.0643
60.3168 25.0824
60.3166 25.1005
60.3165 25.1186
60.3163 25.1367
60.3161 25.1548
60.3160 25.1729
60.3158 25.1910
60.3157 25.2091
60.3155 25.2271
60.3153 25.2452
60.3152 25.2633
60.3295 24.3950
60.3295 24.4131
60.3294 24.4312
60.3294 24.4493
60.3293 24.4674
60.3292 24.4855
60.3292 24.5036
60.3291 24.5217
60.3290 24.5398
60.3290 24.5579
60.3289 24.5760
60.3288 24.5941
60.3287 24.6122
60.3286 24.6303
60.3286 24.6484
60.3285 24.6665
60.3284 24.6846
60.3283 24.7027
60.3282 24.7208
60.3281 24.7389
60.3280 24.7570
60.3279 24.7751
60.3278 24.7932
60.3277 24.8113
60.3275 24.8294
60.3274 24.8475
60.3273 24.8656
60.3272 24.8837
60.3271 24.9018
60.3270 24.9199
60.3268 24.9379
60.3267 24.9560
60.3266 24.9741
60.3264 24.9922
60.3263 25.0103
60.3262 25.0284
60.3260 25.0465
60.3259 25.0646
60.3257 25.0827
60.3256 25.1008
60.3254 25.1189
60.3253 25.1370
60.3251 25.1551
60.3250 25.1732
60.3248 25.1913
60.3246 25.2094
60.3245 25.2275
60.3243 25.2456
60.3241 25.2637
60.3385 24.3951
60.3385 24.4132
60.3384 24.4313
60.3383 24.4494
60.3383 24.4675
60.3382 24.4856
60.3382 24.5037
60.3381 24.5218
60.3380 24.5399
60.3379 24.5580
60.3379 24.5761
60.3378 24.5942
60.3377 24.6123
60.3376 24.6304
60.3375 24.6485
60.3374 24.6667
60.3373 24.6848
60.3372 24.7029
60.3372 24.7210
60.3371 24.7391
60.3370 24.7572
60.3368 24.7753
60.3367 24.7934
60.3366 24.8115
60.3365 24.8296
60.3364 24.8477
60.3363 24.8658
60.3362 24.8839
60.3360 24.9020
60.3359 24.9201
60.3358 24.9382
60.3357 24.9563
60.3355 24.9744
60.3354 24.9925
60.3353 25.0106
60.3351 25.0287
60.3350 25.0468
60.3348 25.0649
60.3347 25.0830
60.3345 25.1011
60.3344 25.1192
60.3342 25.1373
60.3341 25.1554
60.3339 25.1735
60.3338 25.1916
60.3336 25.2097
60.3334 25.2278
60.3333 25.2459
60.3331 25.2640
60.3475 24.3952
60.3474 24.4133
60.3474 24.4314
60.3473 24.4495
60.3473 24.4676
60.3472 24.4857
60.3471 24.5038
60.3471 24.5220
60.3470 24.5401
60.3469 24.5582
60.3468 24.5763
60.3468 24.5944
60.3467 24.6125
60.3466 24.6306
60.3465 24.6487
60.3464 24.6668
60.3463 24.6849
60.3462 24.7031
60.3461 24.7212
60.3460 24.7393
60.3459 24.7574
60.3458 24.7755
60.3457 24.7936
60.3456 24.8117
60.3455 24.8298
60.3454 24.8479
60.3453 24.8660
60.3451 24.8841
60.3450 24.9022
60.3449 24.9204
60.3448 24.9385
60.3446 24.9566
60.3445 24.9747
60.3444 24.9928
60.3442 25.0109
60.3441 25.0290
60.3440 25.0471
60.3438 25.0652
60.3437 25.0833
60.3435 25.1014
60.3434 25.1195
60.3432 25.1376
60.3431 25.1557
60.3429 25.1738
60.3427 25.1920
60.3426 25.2101
60.3424 25.2282
60.3422 25.2463
60.3421 25.2644
60.3565 24.3953
60.3564 24.4134
60.3564 24.4315
60.3563 24.4496
60.3562 24.4678
60.3562 24.4859
60.3561 24.5040
60.3560 24.5221
60.3560 24.5402
60.3559 24.5583
60.3558 24.5764
60.3557 24.5946
60.3556 24.6127
60.3556 24.6308
60.3555 24.6489
60.3554 24.6670
60.3553 24.6851
60.3552 24.7032
60.3551 24.7214
60.3550 24.7395
60.3549 24.7576
60.3548 24.7757
60.3547 24.7938
60.3546 24.8119
60.3545 24.8300
60.3544 24.8482
60.3542 24.8663
60.3541 24.8844
60.3540 24.9025
60.3539 24.9206
60.3537 24.9387
60.3536 24.9568
60.3535 24.9749
60.3534 24.9931
60.3532 25.0112
60.3531 25.0293
60.3529 25.0474
60.3528 25.0655
60.3526 25.0836
60.3525 25.1017
60.3523 25.1198
60.3522 25.1379
60.3520 25.1561
60.3519 25.1742
60.3517 25.1923
60.3516 25.2104
60.3514 25.2285
60.3512 25.2466
60.3510 25.2647
60.3654 24.3954
60.3654 24.4135
60.3653 24.4316
60.3653 24.4498
60.3652 24.4679
60.3651 24.4860
60.3651 24.5041
60.3650 24.5222
60.3649 24.5404
60.3649 24.5585
60.3648 24.5766
60.3647 24.5947
60.3646 24.6128
60.3645 24.6310
60.3644 24.6491
60.3644 24.6672
60.3643 24.6853
60.3642 24.7034
60.3641 24.7216
60.3640 24.7397
60.3639 24.7578
60.3638 24.7759
60.3637 24.7940
60.3636 24.8122
60.3634 24.8303
60.3633 24.8484
60.3632 24.8665
60.3631 24.8846
60.3630 24.9027
60.3628 24.9209
60.3627 24.9390
60.3626 24.9571
60.3625 24.9752
60.3623 24.9933
60.3622 25.0114
60.3621 25.0296
60.3619 25.0477
60.3618 25.0658
60.3616 25.0839
60.3615 25.1020
60.3613 25.1201
60.3612 25.1383
60.3610 25.1564
60.3609 25.1745
60.3607 25.1926
60.3605 25.2107
60.3604 25.2288
60.3602 25.2469
60.3600 25.2651
60.3744 24.3955
60.3744 24.4136
60.3743 24.4318
60.3742 24.4499
60.3742 24.4680
60.3741 24.4861
60.3741 24.5043
60.3740 24.5224
60.3739 24.5405
60.3738 24.5586
60.3738 24.5768
60.3737 24.5949
60.3736 24.6130
60.3735 24.6311
60.3734 24.6493
60.3733 24.6674
60.3732 24.6855
60.3731 24.7036
60.3731 24.7218
60.3730 24.7399
60.3728 24.7580
60.3727 24.7761
60.3726 24.7943
60.3725 24.8124
60.3724 24.8305
60.3723 24.8486
60.3722 24.8667
60.3721 24.8849
60.3719 24.9030
60.3718 24.9211
60.3717 24.9392
60.3716 24.9574
60.3714 24.9755
60.3713 24.9936
60.3712 25.0117
60.3710 25.0298
60.3709 25.0480
60.3707 25.0661
60.3706 25.0842
60.3704 25.1023
60.3703 25.1205
60.3701 25.1386
60.3700 25.1567
60.3698 25.1748
60.3697 25.1929
60.3695 25.2111
60.3693 25.2292
60.3692 25.2473
60.3690 25.2654
60.3834 24.3956
60.3833 24.4137
60.3833 24.4319
60.3832 24.4500
60.3832 24.4681
60.3831 24.4863
60.3830 24.5044
60.3830 24.5225
60.3829 24.5407
60.3828 24.5588
60.3827 24.5769
60.3827 24.5951
60.3826 24.6132
60.3825 24.6313
60.3824 24.6494
60.3823 24.6676
60.3822 24.6857
60.3821 24.7038
60.3820 24.7220
60.3819 24.7401
60.3818 24.7582
60.3817 24.7763
60.3816 24.7945
60.3815 24.8126
60.3814 24.8307
60.3813 24.8489
60.3812 24.8670
60.3810 24.8851
60.3809 24.9032
60.3808 24.9214
60.3807 24.9395
60.3805 24.9576
60.3804 24.9758
60.3803 24.9939
60.3801 25.0120
60.3800 25.0301
60.3799 25.0483
60.3797 25.0664
60.3796 25.0845
60.3794 25.1026
60.3793 25.1208
60.3791 25.1389
60.3790 25.1570
60.3788 25.1751
60.3786 25.1933
60.3785 25.2114
60.3783 25.2295
60.3781 25.2476
60.3780 25.2658
60.3924 24.3957
60.3923 24.4139
60.3923 24.4320
60.3922 24.4501
60.3921 24.4683
60.3921 24.4864
60.3920 24.5045
60.3919 24.5227
60.3919 24.5408
60.3918 24.5589
60.3917 24.5771
60.3916 24.5952
60.3915 24.6133
60.3915 24.6315
60.3914 24.6496
60.3913 24.6678
60.3912 24.6859
60.3911 24.7040
60.3910 24.7222
60.3909 24.7403
60.3908 24.7584
60.3907 24.7766
60.3906 24.7947
60.3905 24.8128
60.3904 24.8310
60.3903 24.8491
60.3901 24.8672
60.3900 24.8854
60.3899 24.9035
60.3898 24.9216
60.3896 24.9398
60.3895 24.9579
60.3894 24.9760
60.3892 24.9942
60.3891 25.0123
60.3890 25.0304
60.3888 25.0485
60.3887 25.0667
60.3885 25.0848
60.3884 25.1029
60.3882 25.1211
60.3881 25.1392
60.3879 25.1573
60.3878 25.1755
60.3876 25.1936
60.3874 25.2117
60.3873 25.2298
60.3871 25.2480
60.3869 25.2661
60.4013 24.3958
60.4013 24.4140
60.4012 24.4321
60.4012 24.4503
60.4011 24.4684
60.4010 24.4865
60.4010 24.5047
60.4009 24.5228
60.4008 24.5410
60.4008 24.5591
60.4007 24.5772
60.4006 24.5954
60.4005 24.6135
60.4004 24.6317
60.4003 24.6498
60.4003 24.6679
60.4002 24.6861
60.4001 24.7042
60.4000 24.7224
60.3999 24.7405
60.3998 24.7586
60.3997 24.7768
60.3996 24.7949
60.3995 24.8130
60.3993 24.8312
60.3992 24.8493
60.3991 24.8675
60.3990 24.8856
60.3989 24.9037
60.3987 24.9219
60.3986 24.9400
60.3985 24.9582
60.3984 24.9763
60.3982 24.9944
60.3981 25.0126
60.3979 25.0307
60.3978 25.0488
60.3977 25.0670
60.3975 25.0851
60.3974 25.1032
60.3972 25.1214
60.3971 25.1395
60.3969 25.1576
60.3967 25.1758
60.3966 25.1939
60.3964 25.2121
60.3963 25.2302
60.3961 25.2483
60.3959 25.2665
60.4103 24.3959
60.4103 24.4141
60.4102 24.4322
60.4101 24.4504
60.4101 24.4685
60.4100 24.4867
60.4100 24.5048
60.4099 24.5230
60.4098 24.5411
60.4097 24.5593
60.4097 24.5774
60.4096 24.5955
60.4095 24.6137
60.4094 24.6318
60.4093 24.6500
60.4092 24.6681
60.4091 24.6863
60.4090 24.7044
60.4089 24.7226
60.4088 24.7407
60.4087 24.7588
60.4086 24.7770
60.4085 24.7951
60.4084 24.8133
60.4083 24.8314
60.4082 24.8496
60.4081 24.8677
60.4080 24.8858
60.4078 24.9040
60.4077 24.9221
60.4076 24.9403
60.4075 24.9584
60.4073 24.9766
60.4072 24.9947
60.4071 25.0128
60.4069 25.0310
60.4068 25.0491
60.4066 25.0673
60.4065 25.0854
60.4063 25.1035
60.4062 25.1217
60.4060 25.1398
60.4059 25.1580
60.4057 25.1761
60.4056 25.1942
60.4054 25.2124
60.4052 25.2305
60.4051 25.2487
60.4049 25.2668
