6665000 2530000
6665000 2531000
6665000 2532000
6665000 2533000
6665000 2534000
6665000 2535000
6665000 2536000
6665000 2537000
6665000 2538000
6665000 2539000
6665000 2540000
6665000 2541000
6665000 2542000
6665000 2543000
6665000 2544000
6665000 2545000
6665000 2546000
6665000 2547000
6665000 2548000
6665000 2549000
6665000 2550000
6665000 2551000
6665000 2552000
6665000 2553000
6665000 2554000
6665000 2555000
6665000 2556000
6665000 2557000
6665000 2558000
6665000 2559000
6665000 2560000
6665000 2561000
6665000 2562000
6665000 2563000
6665000 2564000
6665000 2565000
6665000 2566000
6666000 2530000
6666000 2531000
6666000 2532000
6666000 2533000
6666000 2534000
6666000 2535000
6666000 2536000
6666000 2537000
6666000 2538000
6666000 2539000
6666000 2540000
6666000 2541000
6666000 2542000
6666000 2543000
6666000 2544000
6666000 2545000
6666000 2546000
6666000 2547000
6666000 2548000
6666000 2549000
6666000 2550000
6666000 2551000
6666000 2552000
6666000 2553000
6666000 2554000
6666000 2555000
6666000 2556000
6666000 2557000
6666000 2558000
6666000 2559000
6666000 2560000
6666000 2561000
6666000 2562000
6666000 2563000
6666000 2564000
6666000 2565000
6666000 2566000
6667000 2530000
6667000 2531000
6667000 2532000
6667000 2533000
6667000 2534000
6667000 2535000
6667000 2536000
6667000 2537000
6667000 2538000
6667000 2539000
6667000 2540000
6667000 2541000
6667000 2542000
6667000 2543000
6667000 2544000
6667000 2545000
6667000 2546000
6667000 2547000
6667000 2548000
6667000 2549000
6667000 2550000
6667000 2551000
6667000 2552000
6667000 2553000
6667000 2554000
6667000 2555000
6667000 2556000
6667000 2557000
6667000 2558000
6667000 2559000
6667000 2560000
6667000 2561000
6667000 2562000
6667000 2563000
6667000 2564000
6667000 2565000
6667000 2566000
6668000 2530000
6668000 2531000
6668000 2532000
6668000 2533000
6668000 2534000
6668000 2535000
6668000 2536000
6668000 2537000
6668000 2538000
6668000 2539000
6668000 2540000
6668000 2541000
6668000 2542000
6668000 2543000
6668000 2544000
6668000 2545000
6668000 2546000
6668000 2547000
6668000 2548000
6668000 2549000
6668000 2550000
6668000 2551000
6668000 2552000
6668000 2553000
6668000 2554000
6668000 2555000
6668000 2556000
6668000 2557000
6668000 2558000
6668000 2559000
6668000 2560000
6668000 2561000
6668000 2562000
6668000 2563000
6668000 2564000
6668000 2565000
6668000 2566000
6669000 2530000
6669000 2531000
6669000 2532000
6669000 2533000
6669000 2534000
6669000 2535000
6669000 2536000
6669000 2537000
6669000 2538000
6669000 2539000
6669000 2540000
6669000 2541000
6669000 2542000
6669000 2543000
6669000 2544000
6669000 2545000
6669000 2546000
6669000 2547000
6669000 2548000
6669000 2549000
6669000 2550000
6669000 2551000
6669000 2552000
6669000 2553000
6669000 2554000
6669000 2555000
6669000 2556000
6669000 2557000
6669000 2558000
6669000 2559000
6669000 2560000
6669000 2561000
6669000 2562000
6669000 2563000
6669000 2564000
6669000 2565000
6669000 2566000
6670000 2530000
6670000 2531000
6670000 2532000
6670000 2533000
6670000 2534000
6670000 2535000
6670000 2536000
6670000 2537000
6670000 2538000
6670000 2539000
6670000 2540000
6670000 2541000
6670000 2542000
6670000 2543000
6670000 2544000
6670000 2545000
6670000 2546000
6670000 2547000
6670000 2548000
6670000 2549000
6670000 2550000
6670000 2551000
6670000 2552000
6670000 2553000
6670000 2554000
6670000 2555000
6670000 2556000
6670000 2557000
6670000 2558000
6670000 2559000
6670000 2560000
6670000 2561000
6670000 2562000
6670000 2563000
6670000 2564000
6670000 2565000
6670000 2566000
6671000 2530000
6671000 2531000
6671000 2532000
6671000 2533000
6671000 2534000
6671000 2535000
6671000 2536000
6671000 2537000
6671000 2538000
6671000 2539000
6671000 2540000
6671000 2541000
6671000 2542000
6671000 2543000
6671000 2544000
6671000 2545000
6671000 2546000
6671000 2547000
6671000 2548000
6671000 2549000
6671000 2550000
6671000 2551000
6671000 2552000
6671000 2553000
6671000 2554000
6671000 2555000
6671000 2556000
6671000 2557000
6671000 2558000
6671000 2559000
6671000 2560000
6671000 2561000
6671000 2562000
6671000 2563000
6671000 2564000
6671000 2565000
6671000 2566000
6672000 2530000
6672000 2531000
6672000 2532000
6672000 2533000
6672000 2534000
6672000 2535000
6672000 2536000
6672000 2537000
6672000 2538000
6672000 2539000
6672000 2540000
6672000 2541000
6672000 2542000
6672000 2543000
6672000 2544000
6672000 2545000
6672000 2546000
6672000 2547000
6672000 2548000
6672000 2549000
6672000 2550000
6672000 2551000
6672000 2552000
6672000 2553000
6672000 2554000
6672000 2555000
6672000 2556000
6672000 2557000
6672000 2558000
6672000 2559000
6672000 2560000
6672000 2561000
6672000 2562000
6672000 2563000
6672000 2564000
6672000 2565000
6672000 2566000
6673000 2530000
6673000 2531000
6673000 2532000
6673000 2533000
6673000 2534000
6673000 2535000
6673000 2536000
6673000 2537000
6673000 2538000
6673000 2539000
6673000 2540000
6673000 2541000
6673000 2542000
6673000 2543000
6673000 2544000
6673000 2545000
6673000 2546000
6673000 2547000
6673000 2548000
6673000 2549000
6673000 2550000
6673000 2551000
6673000 2552000
6673000 2553000
6673000 2554000
6673000 2555000
6673000 2556000
6673000 2557000
6673000 2558000
6673000 2559000
6673000 2560000
6673000 2561000
6673000 2562000
6673000 2563000
6673000 2564000
6673000 2565000
6673000 2566000
6674000 2530000
6674000 2531000
6674000 2532000
6674000 2533000
6674000 2534000
6674000 2535000
6674000 2536000
6674000 2537000
6674000 2538000
6674000 2539000
6674000 2540000
6674000 2541000
6674000 2542000
6674000 2543000
6674000 2544000
6674000 2545000
6674000 2546000
6674000 2547000
6674000 2548000
6674000 2549000
6674000 2550000
6674000 2551000
6674000 2552000
6674000 2553000
6674000 2554000
6674000 2555000
6674000 2556000
6674000 2557000
6674000 2558000
6674000 2559000
6674000 2560000
6674000 2561000
6674000 2562000
6674000 2563000
6674000 2564000
6674000 2565000
6674000 2566000
6675000 2530000
6675000 2531000
6675000 2532000
6675000 2533000
6675000 2534000
6675000 2535000
6675000 2536000
6675000 2537000
6675000 2538000
6675000 2539000
6675000 2540000
6675000 2541000
6675000 2542000
6675000 2543000
6675000 2544000
6675000 2545000
6675000 2546000
6675000 2547000
6675000 2548000
6675000 2549000
6675000 2550000
6675000 2551000
6675000 2552000
6675000 2553000
6675000 2554000
6675000 2555000
6675000 2556000
6675000 2557000
6675000 2558000
6675000 2559000
6675000 2560000
6675000 2561000
6675000 2562000
6675000 2563000
6675000 2564000
6675000 2565000
6675000 2566000
6676000 2530000
6676000 2531000
6676000 2532000
6676000 2533000
6676000 2534000
6676000 2535000
6676000 2536000
6676000 2537000
6676000 2538000
6676000 2539000
6676000 2540000
6676000 2541000
6676000 2542000
6676000 2543000
6676000 2544000
6676000 2545000
6676000 2546000
6676000 2547000
6676000 2548000
6676000 2549000
6676000 2550000
6676000 2551000
6676000 2552000
6676000 2553000
6676000 2554000
6676000 2555000
6676000 2556000
6676000 2557000
6676000 2558000
6676000 2559000
6676000 2560000
6676000 2561000
6676000 2562000
6676000 2563000
6676000 2564000
6676000 2565000
6676000 2566000
6677000 2530000
6677000 2531000
6677000 2532000
6677000 2533000
6677000 2534000
6677000 2535000
6677000 2536000
6677000 2537000
6677000 2538000
6677000 2539000
6677000 2540000
6677000 2541000
6677000 2542000
6677000 2543000
6677000 2544000
6677000 2545000
6677000 2546000
6677000 2547000
6677000 2548000
6677000 2549000
6677000 2550000
6677000 2551000
6677000 2552000
6677000 2553000
6677000 2554000
6677000 2555000
6677000 2556000
6677000 2557000
6677000 2558000
6677000 2559000
6677000 2560000
6677000 2561000
6677000 2562000
6677000 2563000
6677000 2564000
6677000 2565000
6677000 2566000
6678000 2530000
6678000 2531000
6678000 2532000
6678000 2533000
6678000 2534000
6678000 2535000
6678000 2536000
6678000 2537000
6678000 2538000
6678000 2539000
6678000 2540000
6678000 2541000
6678000 2542000
6678000 2543000
6678000 2544000
6678000 2545000
6678000 2546000
6678000 2547000
6678000 2548000
6678000 2549000
6678000 2550000
6678000 2551000
6678000 2552000
6678000 2553000
6678000 2554000
6678000 2555000
6678000 2556000
6678000 2557000
6678000 2558000
6678000 2559000
6678000 2560000
6678000 2561000
6678000 2562000
6678000 2563000
6678000 2564000
6678000 2565000
6678000 2566000
6679000 2530000
6679000 2531000
6679000 2532000
6679000 2533000
6679000 2534000
6679000 2535000
6679000 2536000
6679000 2537000
6679000 2538000
6679000 2539000
6679000 2540000
6679000 2541000
6679000 2542000
6679000 2543000
6679000 2544000
6679000 2545000
6679000 2546000
6679000 2547000
6679000 2548000
6679000 2549000
6679000 2550000
6679000 2551000
6679000 2552000
6679000 2553000
6679000 2554000
6679000 2555000
6679000 2556000
6679000 2557000
6679000 2558000
6679000 2559000
6679000 2560000
6679000 2561000
6679000 2562000
6679000 2563000
6679000 2564000
6679000 2565000
6679000 2566000
6680000 2530000
6680000 2531000
6680000 2532000
6680000 2533000
6680000 2534000
6680000 2535000
6680000 2536000
6680000 2537000
6680000 2538000
6680000 2539000
6680000 2540000
6680000 2541000
6680000 2542000
6680000 2543000
6680000 2544000
6680000 2545000
6680000 2546000
6680000 2547000
6680000 2548000
6680000 2549000
6680000 2550000
6680000 2551000
6680000 2552000
6680000 2553000
6680000 2554000
6680000 2555000
6680000 2556000
6680000 2557000
6680000 2558000
6680000 2559000
6680000 2560000
6680000 2561000
6680000 2562000
6680000 2563000
6680000 2564000
6680000 2565000
6680000 2566000
6681000 2530000
6681000 2531000
6681000 2532000
6681000 2533000
6681000 2534000
6681000 2535000
6681000 2536000
6681000 2537000
6681000 2538000
6681000 2539000
6681000 2540000
6681000 2541000
6681000 2542000
6681000 2543000
6681000 2544000
6681000 2545000
6681000 2546000
6681000 2547000
6681000 2548000
6681000 2549000
6681000 2550000
6681000 2551000
6681000 2552000
6681000 2553000
6681000 2554000
6681000 2555000
6681000 2556000
6681000 2557000
6681000 2558000
6681000 2559000
6681000 2560000
6681000 2561000
6681000 2562000
6681000 2563000
6681000 2564000
6681000 2565000
6681000 2566000
6682000 2530000
6682000 2531000
6682000 2532000
6682000 2533000
6682000 2534000
6682000 2535000
6682000 2536000
6682000 2537000
6682000 2538000
6682000 2539000
6682000 2540000
6682000 2541000
6682000 2542000
6682000 2543000
6682000 2544000
6682000 2545000
6682000 2546000
6682000 2547000
6682000 2548000
6682000 2549000
6682000 2550000
6682000 2551000
6682000 2552000
6682000 2553000
6682000 2554000
6682000 2555000
6682000 2556000
6682000 2557000
6682000 2558000
6682000 2559000
6682000 2560000
6682000 2561000
6682000 2562000
6682000 2563000
6682000 2564000
6682000 2565000
6682000 2566000
6683000 2530000
6683000 2531000
6683000 2532000
6683000 2533000
6683000 2534000
6683000 2535000
6683000 2536000
6683000 2537000
6683000 2538000
6683000 2539000
6683000 2540000
6683000 2541000
6683000 2542000
6683000 2543000
6683000 2544000
6683000 2545000
6683000 2546000
6683000 2547000
6683000 2548000
6683000 2549000
6683000 2550000
6683000 2551000
6683000 2552000
6683000 2553000
6683000 2554000
6683000 2555000
6683000 2556000
6683000 2557000
6683000 2558000
6683000 2559000
6683000 2560000
6683000 2561000
6683000 2562000
6683000 2563000
6683000 2564000
6683000 2565000
6683000 2566000
6684000 2530000
6684000 2531000
6684000 2532000
6684000 2533000
6684000 2534000
6684000 2535000
6684000 2536000
6684000 2537000
6684000 2538000
6684000 2539000
6684000 2540000
6684000 2541000
6684000 2542000
6684000 2543000
6684000 2544000
6684000 2545000
6684000 2546000
6684000 2547000
6684000 2548000
6684000 2549000
6684000 2550000
6684000 2551000
6684000 2552000
6684000 2553000
6684000 2554000
6684000 2555000
6684000 2556000
6684000 2557000
6684000 2558000
6684000 2559000
6684000 2560000
6684000 2561000
6684000 2562000
6684000 2563000
6684000 2564000
6684000 2565000
6684000 2566000
6685000 2530000
6685000 2531000
6685000 2532000
6685000 2533000
6685000 2534000
6685000 2535000
6685000 2536000
6685000 2537000
6685000 2538000
6685000 2539000
6685000 2540000
6685000 2541000
6685000 2542000
6685000 2543000
6685000 2544000
6685000 2545000
6685000 2546000
6685000 2547000
6685000 2548000
6685000 2549000
6685000 2550000
6685000 2551000
6685000 2552000
6685000 2553000
6685000 2554000
6685000 2555000
6685000 2556000
6685000 2557000
6685000 2558000
6685000 2559000
6685000 2560000
6685000 2561000
6685000 2562000
6685000 2563000
6685000 2564000
6685000 2565000
6685000 2566000
6686000 2530000
6686000 2531000
6686000 2532000
6686000 2533000
6686000 2534000
6686000 2535000
6686000 2536000
6686000 2537000
6686000 2538000
6686000 2539000
6686000 2540000
6686000 2541000
6686000 2542000
6686000 2543000
6686000 2544000
6686000 2545000
6686000 2546000
6686000 2547000
6686000 2548000
6686000 2549000
6686000 2550000
6686000 2551000
6686000 2552000
6686000 2553000
6686000 2554000
6686000 2555000
6686000 2556000
6686000 2557000
6686000 2558000
6686000 2559000
6686000 2560000
6686000 2561000
6686000 2562000
6686000 2563000
6686000 2564000
6686000 2565000
6686000 2566000
6687000 2530000
6687000 2531000
6687000 2532000
6687000 2533000
6687000 2534000
6687000 2535000
6687000 2536000
6687000 2537000
6687000 2538000
6687000 2539000
6687000 2540000
6687000 2541000
6687000 2542000
6687000 2543000
6687000 2544000
6687000 2545000
6687000 2546000
6687000 2547000
6687000 2548000
6687000 2549000
6687000 2550000
6687000 2551000
6687000 2552000
6687000 2553000
6687000 2554000
6687000 2555000
6687000 2556000
6687000 2557000
6687000 2558000
6687000 2559000
6687000 2560000
6687000 2561000
6687000 2562000
6687000 2563000
6687000 2564000
6687000 2565000
6687000 2566000
6688000 2530000
6688000 2531000
6688000 2532000
6688000 2533000
6688000 2534000
6688000 2535000
6688000 2536000
6688000 2537000
6688000 2538000
6688000 2539000
6688000 2540000
6688000 2541000
6688000 2542000
6688000 2543000
6688000 2544000
6688000 2545000
6688000 2546000
6688000 2547000
6688000 2548000
6688000 2549000
6688000 2550000
6688000 2551000
6688000 2552000
6688000 2553000
6688000 2554000
6688000 2555000
6688000 2556000
6688000 2557000
6688000 2558000
6688000 2559000
6688000 2560000
6688000 2561000
6688000 2562000
6688000 2563000
6688000 2564000
6688000 2565000
6688000 2566000
6689000 2530000
6689000 2531000
6689000 2532000
6689000 2533000
6689000 2534000
6689000 2535000
6689000 2536000
6689000 2537000
6689000 2538000
6689000 2539000
6689000 2540000
6689000 2541000
6689000 2542000
6689000 2543000
6689000 2544000
6689000 2545000
6689000 2546000
6689000 2547000
6689000 2548000
6689000 2549000
6689000 2550000
6689000 2551000
6689000 2552000
6689000 2553000
6689000 2554000
6689000 2555000
6689000 2556000
6689000 2557000
6689000 2558000
6689000 2559000
6689000 2560000
6689000 2561000
6689000 2562000
6689000 2563000
6689000 2564000
6689000 2565000
6689000 2566000
6690000 2530000
6690000 2531000
6690000 2532000
6690000 2533000
6690000 2534000
6690000 2535000
6690000 2536000
6690000 2537000
6690000 2538000
6690000 2539000
6690000 2540000
6690000 2541000
6690000 2542000
6690000 2543000
6690000 2544000
6690000 2545000
6690000 2546000
6690000 2547000
6690000 2548000
6690000 2549000
6690000 2550000
6690000 2551000
6690000 2552000
6690000 2553000
6690000 2554000
6690000 2555000
6690000 2556000
6690000 2557000
6690000 2558000
6690000 2559000
6690000 2560000
6690000 2561000
6690000 2562000
6690000 2563000
6690000 2564000
6690000 2565000
6690000 2566000
6691000 2530000
6691000 2531000
6691000 2532000
6691000 2533000
6691000 2534000
6691000 2535000
6691000 2536000
6691000 2537000
6691000 2538000
6691000 2539000
6691000 2540000
6691000 2541000
6691000 2542000
6691000 2543000
6691000 2544000
6691000 2545000
6691000 2546000
6691000 2547000
6691000 2548000
6691000 2549000
6691000 2550000
6691000 2551000
6691000 2552000
6691000 2553000
6691000 2554000
6691000 2555000
6691000 2556000
6691000 2557000
6691000 2558000
6691000 2559000
6691000 2560000
6691000 2561000
6691000 2562000
6691000 2563000
6691000 2564000
6691000 2565000
6691000 2566000
6692000 2530000
6692000 2531000
6692000 2532000
6692000 2533000
6692000 2534000
6692000 2535000
6692000 2536000
6692000 2537000
6692000 2538000
6692000 2539000
6692000 2540000
6692000 2541000
6692000 2542000
6692000 2543000
6692000 2544000
6692000 2545000
6692000 2546000
6692000 2547000
6692000 2548000
6692000 2549000
6692000 2550000
6692000 2551000
6692000 2552000
6692000 2553000
6692000 2554000
6692000 2555000
6692000 2556000
6692000 2557000
6692000 2558000
6692000 2559000
6692000 2560000
6692000 2561000
6692000 2562000
6692000 2563000
6692000 2564000
6692000 2565000
6692000 2566000
6693000 2530000
6693000 2531000
6693000 2532000
6693000 2533000
6693000 2534000
6693000 2535000
6693000 2536000
6693000 2537000
6693000 2538000
6693000 2539000
6693000 2540000
6693000 2541000
6693000 2542000
6693000 2543000
6693000 2544000
6693000 2545000
6693000 2546000
6693000 2547000
6693000 2548000
6693000 2549000
6693000 2550000
6693000 2551000
6693000 2552000
6693000 2553000
6693000 2554000
6693000 2555000
6693000 2556000
6693000 2557000
6693000 2558000
6693000 2559000
6693000 2560000
6693000 2561000
6693000 2562000
6693000 2563000
6693000 2564000
6693000 2565000
6693000 2566000
6694000 2530000
6694000 2531000
6694000 2532000
6694000 2533000
6694000 2534000
6694000 2535000
6694000 2536000
6694000 2537000
6694000 2538000
6694000 2539000
6694000 2540000
6694000 2541000
6694000 2542000
6694000 2543000
6694000 2544000
6694000 2545000
6694000 2546000
6694000 2547000
6694000 2548000
6694000 2549000
6694000 2550000
6694000 2551000
6694000 2552000
6694000 2553000
6694000 2554000
6694000 2555000
6694000 2556000
6694000 2557000
6694000 2558000
6694000 2559000
6694000 2560000
6694000 2561000
6694000 2562000
6694000 2563000
6694000 2564000
6694000 2565000
6694000 2566000
6695000 2530000
6695000 2531000
6695000 2532000
6695000 2533000
6695000 2534000
6695000 2535000
6695000 2536000
6695000 2537000
6695000 2538000
6695000 2539000
6695000 2540000
6695000 2541000
6695000 2542000
6695000 2543000
6695000 2544000
6695000 2545000
6695000 2546000
6695000 2547000
6695000 2548000
6695000 2549000
6695000 2550000
6695000 2551000
6695000 2552000
6695000 2553000
6695000 2554000
6695000 2555000
6695000 2556000
6695000 2557000
6695000 2558000
6695000 2559000
6695000 2560000
6695000 2561000
6695000 2562000
6695000 2563000
6695000 2564000
6695000 2565000
6695000 2566000
6696000 2530000
6696000 2531000
6696000 2532000
6696000 2533000
6696000 2534000
6696000 2535000
6696000 2536000
6696000 2537000
6696000 2538000
6696000 2539000
6696000 2540000
6696000 2541000
6696000 2542000
6696000 2543000
6696000 2544000
6696000 2545000
6696000 2546000
6696000 2547000
6696000 2548000
6696000 2549000
6696000 2550000
6696000 2551000
6696000 2552000
6696000 2553000
6696000 2554000
6696000 2555000
6696000 2556000
6696000 2557000
6696000 2558000
6696000 2559000
6696000 2560000
6696000 2561000
6696000 2562000
6696000 2563000
6696000 2564000
6696000 2565000
6696000 2566000
6697000 2530000
6697000 2531000
6697000 2532000
6697000 2533000
6697000 2534000
6697000 2535000
6697000 2536000
6697000 2537000
6697000 2538000
6697000 2539000
6697000 2540000
6697000 2541000
6697000 2542000
6697000 2543000
6697000 2544000
6697000 2545000
6697000 2546000
6697000 2547000
6697000 2548000
6697000 2549000
6697000 2550000
6697000 2551000
6697000 2552000
6697000 2553000
6697000 2554000
6697000 2555000
6697000 2556000
6697000 2557000
6697000 2558000
6697000 2559000
6697000 2560000
6697000 2561000
6697000 2562000
6697000 2563000
6697000 2564000
6697000 2565000
6697000 2566000
6698000 2530000
6698000 2531000
6698000 2532000
6698000 2533000
6698000 2534000
6698000 2535000
6698000 2536000
6698000 2537000
6698000 2538000
6698000 2539000
6698000 2540000
6698000 2541000
6698000 2542000
6698000 2543000
6698000 2544000
6698000 2545000
6698000 2546000
6698000 2547000
6698000 2548000
6698000 2549000
6698000 2550000
6698000 2551000
6698000 2552000
6698000 2553000
6698000 2554000
6698000 2555000
6698000 2556000
6698000 2557000
6698000 2558000
6698000 2559000
6698000 2560000
6698000 2561000
6698000 2562000
6698000 2563000
6698000 2564000
6698000 2565000
6698000 2566000
6699000 2530000
6699000 2531000
6699000 2532000
6699000 2533000
6699000 2534000
6699000 2535000
6699000 2536000
6699000 2537000
6699000 2538000
6699000 2539000
6699000 2540000
6699000 2541000
6699000 2542000
6699000 2543000
6699000 2544000
6699000 2545000
6699000 2546000
6699000 2547000
6699000 2548000
6699000 2549000
6699000 2550000
6699000 2551000
6699000 2552000
6699000 2553000
6699000 2554000
6699000 2555000
6699000 2556000
6699000 2557000
6699000 2558000
6699000 2559000
6699000 2560000
6699000 2561000
6699000 2562000
6699000 2563000
6699000 2564000
6699000 2565000
6699000 2566000
6700000 2530000
6700000 2531000
6700000 2532000
6700000 2533000
6700000 2534000
6700000 2535000
6700000 2536000
6700000 2537000
6700000 2538000
6700000 2539000
6700000 2540000
6700000 2541000
6700000 2542000
6700000 2543000
6700000 2544000
6700000 2545000
6700000 2546000
6700000 2547000
6700000 2548000
6700000 2549000
6700000 2550000
6700000 2551000
6700000 2552000
6700000 2553000
6700000 2554000
6700000 2555000
6700000 2556000
6700000 2557000
6700000 2558000
6700000 2559000
6700000 2560000
6700000 2561000
6700000 2562000
6700000 2563000
6700000 2564000
6700000 2565000
6700000 2566000
