6703000 2513000
6703000 2514000
6703000 2515000
6703000 2516000
6703000 2517000
6703000 2518000
6703000 2519000
6703000 2520000
6703000 2521000
6703000 2522000
6703000 2523000
6703000 2524000
6703000 2525000
6703000 2526000
6703000 2527000
6703000 2528000
6703000 2529000
6703000 2530000
6703000 2531000
6703000 2532000
6703000 2533000
6703000 2534000
6703000 2535000
6703000 2536000
6703000 2537000
6703000 2538000
6703000 2539000
6703000 2540000
6703000 2541000
6703000 2542000
6703000 2543000
6703000 2544000
6703000 2545000
6703000 2546000
6703000 2547000
6703000 2548000
6703000 2549000
6703000 2550000
6703000 2551000
6703000 2552000
6703000 2553000
6703000 2554000
6703000 2555000
6703000 2556000
6703000 2557000
6703000 2558000
6703000 2559000
6703000 2560000
6703000 2561000
6703000 2562000
6703000 2563000
6703000 2564000
6703000 2565000
6703000 2566000
6703000 2567000
6703000 2568000
6703000 2569000
6703000 2570000
6703000 2571000
6703000 2572000
6703000 2573000
6703000 2574000
6703000 2575000
6703000 2576000
6703000 2577000
6703000 2578000
6704000 2510000
6704000 2511000
6704000 2512000
6704000 2513000
6704000 2514000
6704000 2515000
6704000 2516000
6704000 2517000
6704000 2518000
6704000 2519000
6704000 2520000
6704000 2521000
6704000 2522000
6704000 2523000
6704000 2524000
6704000 2525000
6704000 2526000
6704000 2527000
6704000 2528000
6704000 2529000
6704000 2530000
6704000 2531000
6704000 2532000
6704000 2533000
6704000 2534000
6704000 2535000
6704000 2536000
6704000 2537000
6704000 2538000
6704000 2539000
6704000 2540000
6704000 2541000
6704000 2542000
6704000 2543000
6704000 2544000
6704000 2545000
6704000 2546000
6704000 2547000
6704000 2548000
6704000 2549000
6704000 2550000
6704000 2551000
6704000 2552000
6704000 2553000
6704000 2554000
6704000 2555000
6704000 2556000
6704000 2557000
6704000 2558000
6704000 2559000
6704000 2560000
6704000 2561000
6704000 2562000
6704000 2563000
6704000 2564000
6704000 2565000
6704000 2566000
6704000 2567000
6704000 2568000
6704000 2569000
6704000 2570000
6704000 2571000
6704000 2572000
6704000 2573000
6704000 2574000
6704000 2575000
6704000 2576000
6704000 2577000
6704000 2578000
6705000 2510000
6705000 2511000
6705000 2512000
6705000 2513000
6705000 2514000
6705000 2515000
6705000 2516000
6705000 2517000
6705000 2518000
6705000 2519000
6705000 2520000
6705000 2521000
6705000 2522000
6705000 2523000
6705000 2524000
6705000 2525000
6705000 2526000
6705000 2527000
6705000 2528000
6705000 2529000
6705000 2530000
6705000 2531000
6705000 2532000
6705000 2533000
6705000 2534000
6705000 2535000
6705000 2536000
6705000 2537000
6705000 2538000
6705000 2539000
6705000 2540000
6705000 2541000
6705000 2542000
6705000 2543000
6705000 2544000
6705000 2545000
6705000 2546000
6705000 2547000
6705000 2548000
6705000 2549000
6705000 2550000
6705000 2551000
6705000 2552000
6705000 2553000
6705000 2554000
6705000 2555000
6705000 2556000
6705000 2557000
6705000 2558000
6705000 2559000
6705000 2560000
6705000 2561000
6705000 2562000
6705000 2563000
6705000 2564000
6705000 2565000
6705000 2566000
6705000 2567000
6705000 2568000
6705000 2569000
6705000 2570000
6705000 2571000
6705000 2572000
6705000 2573000
6705000 2574000
6705000 2575000
6705000 2576000
6705000 2577000
6705000 2578000
6706000 2510000
6706000 2511000
6706000 2512000
6706000 2513000
6706000 2514000
6706000 2515000
6706000 2516000
6706000 2517000
6706000 2518000
6706000 2519000
6706000 2520000
6706000 2521000
6706000 2522000
6706000 2523000
6706000 2524000
6706000 2525000
6706000 2526000
6706000 2527000
6706000 2528000
6706000 2529000
6706000 2530000
6706000 2531000
6706000 2532000
6706000 2533000
6706000 2534000
6706000 2535000
6706000 2536000
6706000 2537000
6706000 2538000
6706000 2539000
6706000 2540000
6706000 2541000
6706000 2542000
6706000 2543000
6706000 2544000
6706000 2545000
6706000 2546000
6706000 2547000
6706000 2548000
6706000 2549000
6706000 2550000
6706000 2551000
6706000 2552000
6706000 2553000
6706000 2554000
6706000 2555000
6706000 2556000
6706000 2557000
6706000 2558000
6706000 2559000
6706000 2560000
6706000 2561000
6706000 2562000
6706000 2563000
6706000 2564000
6706000 2565000
6706000 2566000
6706000 2567000
6706000 2568000
6706000 2569000
6706000 2570000
6706000 2571000
6706000 2572000
6706000 2573000
6706000 2574000
6706000 2575000
6706000 2576000
6706000 2577000
6706000 2578000
6707000 2510000
6707000 2511000
6707000 2512000
6707000 2513000
6707000 2514000
6707000 2515000
6707000 2516000
6707000 2517000
6707000 2518000
6707000 2519000
6707000 2520000
6707000 2521000
6707000 2522000
6707000 2523000
6707000 2524000
6707000 2525000
6707000 2526000
6707000 2527000
6707000 2528000
6707000 2529000
6707000 2530000
6707000 2531000
6707000 2532000
6707000 2533000
6707000 2534000
6707000 2535000
6707000 2536000
6707000 2537000
6707000 2538000
6707000 2539000
6707000 2540000
6707000 2541000
6707000 2542000
6707000 2543000
6707000 2544000
6707000 2545000
6707000 2546000
6707000 2547000
6707000 2548000
6707000 2549000
6707000 2550000
6707000 2551000
6707000 2552000
6707000 2553000
6707000 2554000
6707000 2555000
6707000 2556000
6707000 2557000
6707000 2558000
6707000 2559000
6707000 2560000
6707000 2561000
6707000 2562000
6707000 2563000
6707000 2564000
6707000 2565000
6707000 2566000
6707000 2567000
6707000 2568000
6707000 2569000
6707000 2570000
6707000 2571000
6707000 2572000
6707000 2573000
6707000 2574000
6707000 2575000
6707000 2576000
6707000 2577000
6707000 2578000
6708000 2510000
6708000 2511000
6708000 2512000
6708000 2513000
6708000 2514000
6708000 2515000
6708000 2516000
6708000 2517000
6708000 2518000
6708000 2519000
6708000 2520000
6708000 2521000
6708000 2522000
6708000 2523000
6708000 2524000
6708000 2525000
6708000 2526000
6708000 2527000
6708000 2528000
6708000 2529000
6708000 2530000
6708000 2531000
6708000 2532000
6708000 2533000
6708000 2534000
6708000 2535000
6708000 2536000
6708000 2537000
6708000 2538000
6708000 2539000
6708000 2540000
6708000 2541000
6708000 2542000
6708000 2543000
6708000 2544000
6708000 2545000
6708000 2546000
6708000 2547000
6708000 2548000
6708000 2549000
6708000 2550000
6708000 2551000
6708000 2552000
6708000 2553000
6708000 2554000
6708000 2555000
6708000 2556000
6708000 2557000
6708000 2558000
6708000 2559000
6708000 2560000
6708000 2561000
6708000 2562000
6708000 2563000
6708000 2564000
6708000 2565000
6708000 2566000
6708000 2567000
6708000 2568000
6708000 2569000
6708000 2570000
6708000 2571000
6708000 2572000
6708000 2573000
6708000 2574000
6708000 2575000
6708000 2576000
6708000 2577000
6708000 2578000
6709000 2510000
6709000 2511000
6709000 2512000
6709000 2513000
6709000 2514000
6709000 2515000
6709000 2516000
6709000 2517000
6709000 2518000
6709000 2519000
6709000 2520000
6709000 2521000
6709000 2522000
6709000 2523000
6709000 2524000
6709000 2525000
6709000 2526000
6709000 2527000
6709000 2528000
6709000 2529000
6709000 2530000
6709000 2531000
6709000 2532000
6709000 2533000
6709000 2534000
6709000 2535000
6709000 2536000
6709000 2537000
6709000 2538000
6709000 2539000
6709000 2540000
6709000 2541000
6709000 2542000
6709000 2543000
6709000 2544000
6709000 2545000
6709000 2546000
6709000 2547000
6709000 2548000
6709000 2549000
6709000 2550000
6709000 2551000
6709000 2552000
6709000 2553000
6709000 2554000
6709000 2555000
6709000 2556000
6709000 2557000
6709000 2558000
6709000 2559000
6709000 2560000
6709000 2561000
6709000 2562000
6709000 2563000
6709000 2564000
6709000 2565000
6709000 2566000
6709000 2567000
6709000 2568000
6709000 2569000
6709000 2570000
6709000 2571000
6709000 2572000
6709000 2573000
6709000 2574000
6709000 2575000
6709000 2576000
6709000 2577000
6709000 2578000
6710000 2510000
6710000 2511000
6710000 2512000
6710000 2513000
6710000 2514000
6710000 2515000
6710000 2516000
6710000 2517000
6710000 2518000
6710000 2519000
6710000 2520000
6710000 2521000
6710000 2522000
6710000 2523000
6710000 2524000
6710000 2525000
6710000 2526000
6710000 2527000
6710000 2528000
6710000 2529000
6710000 2530000
6710000 2531000
6710000 2532000
6710000 2533000
6710000 2534000
6710000 2535000
6710000 2536000
6710000 2537000
6710000 2538000
6710000 2539000
6710000 2540000
6710000 2541000
6710000 2542000
6710000 2543000
6710000 2544000
6710000 2545000
6710000 2546000
6710000 2547000
6710000 2548000
6710000 2549000
6710000 2550000
6710000 2551000
6710000 2552000
6710000 2553000
6710000 2554000
6710000 2555000
6710000 2556000
6710000 2557000
6710000 2558000
6710000 2559000
6710000 2560000
6710000 2561000
6710000 2562000
6710000 2563000
6710000 2564000
6710000 2565000
6710000 2566000
6710000 2567000
6710000 2568000
6710000 2569000
6710000 2570000
6710000 2571000
6710000 2572000
6710000 2573000
6710000 2574000
6710000 2575000
6710000 2576000
6710000 2577000
6710000 2578000
6711000 2510000
6711000 2511000
6711000 2512000
6711000 2513000
6711000 2514000
6711000 2515000
6711000 2516000
6711000 2517000
6711000 2518000
6711000 2519000
6711000 2520000
6711000 2521000
6711000 2522000
6711000 2523000
6711000 2524000
6711000 2525000
6711000 2526000
6711000 2527000
6711000 2528000
6711000 2529000
6711000 2530000
6711000 2531000
6711000 2532000
6711000 2533000
6711000 2534000
6711000 2535000
6711000 2536000
6711000 2537000
6711000 2538000
6711000 2539000
6711000 2540000
6711000 2541000
6711000 2542000
6711000 2543000
6711000 2544000
6711000 2545000
6711000 2546000
6711000 2547000
6711000 2548000
6711000 2549000
6711000 2550000
6711000 2551000
6711000 2552000
6711000 2553000
6711000 2554000
6711000 2555000
6711000 2556000
6711000 2557000
6711000 2558000
6711000 2559000
6711000 2560000
6711000 2561000
6711000 2562000
6711000 2563000
6711000 2564000
6711000 2565000
6711000 2566000
6711000 2567000
6711000 2568000
6711000 2569000
6711000 2570000
6711000 2571000
6711000 2572000
6711000 2573000
6711000 2574000
6711000 2575000
6711000 2576000
6711000 2577000
6711000 2578000
6712000 2510000
6712000 2511000
6712000 2512000
6712000 2513000
6712000 2514000
6712000 2515000
6712000 2516000
6712000 2517000
6712000 2518000
6712000 2519000
6712000 2520000
6712000 2521000
6712000 2522000
6712000 2523000
6712000 2524000
6712000 2525000
6712000 2526000
6712000 2527000
6712000 2528000
6712000 2529000
6712000 2530000
6712000 2531000
6712000 2532000
6712000 2533000
6712000 2534000
6712000 2535000
6712000 2536000
6712000 2537000
6712000 2538000
6712000 2539000
6712000 2540000
6712000 2541000
6712000 2542000
6712000 2543000
6712000 2544000
6712000 2545000
6712000 2546000
6712000 2547000
6712000 2548000
6712000 2549000
6712000 2550000
6712000 2551000
6712000 2552000
6712000 2553000
6712000 2554000
6712000 2555000
6712000 2556000
6712000 2557000
6712000 2558000
6712000 2559000
6712000 2560000
6712000 2561000
6712000 2562000
6712000 2563000
6712000 2564000
6712000 2565000
6712000 2566000
6712000 2567000
6712000 2568000
6712000 2569000
6712000 2570000
6712000 2571000
6712000 2572000
6712000 2573000
6712000 2574000
6712000 2575000
6712000 2576000
6712000 2577000
6712000 2578000
6713000 2510000
6713000 2511000
6713000 2512000
6713000 2513000
6713000 2514000
6713000 2515000
6713000 2516000
6713000 2517000
6713000 2518000
6713000 2519000
6713000 2520000
6713000 2521000
6713000 2522000
6713000 2523000
6713000 2524000
6713000 2525000
6713000 2526000
6713000 2527000
6713000 2528000
6713000 2529000
6713000 2530000
6713000 2531000
6713000 2532000
6713000 2533000
6713000 2534000
6713000 2535000
6713000 2536000
6713000 2537000
6713000 2538000
6713000 2539000
6713000 2540000
6713000 2541000
6713000 2542000
6713000 2543000
6713000 2544000
6713000 2545000
6713000 2546000
6713000 2547000
6713000 2548000
6713000 2549000
6713000 2550000
6713000 2551000
6713000 2552000
6713000 2553000
6713000 2554000
6713000 2555000
6713000 2556000
6713000 2557000
6713000 2558000
6713000 2559000
6713000 2560000
6713000 2561000
6713000 2562000
6713000 2563000
6713000 2564000
6713000 2565000
6713000 2566000
6713000 2567000
6713000 2568000
6713000 2569000
6713000 2570000
6713000 2571000
6713000 2572000
6713000 2573000
6713000 2574000
6713000 2575000
6713000 2576000
6713000 2577000
6713000 2578000
6714000 2510000
6714000 2511000
6714000 2512000
6714000 2513000
6714000 2514000
6714000 2515000
6714000 2516000
6714000 2517000
6714000 2518000
6714000 2519000
6714000 2520000
6714000 2521000
6714000 2522000
6714000 2523000
6714000 2524000
6714000 2525000
6714000 2526000
6714000 2527000
6714000 2528000
6714000 2529000
6714000 2530000
6714000 2531000
6714000 2532000
6714000 2533000
6714000 2534000
6714000 2535000
6714000 2536000
6714000 2537000
6714000 2538000
6714000 2539000
6714000 2540000
6714000 2541000
6714000 2542000
6714000 2543000
6714000 2544000
6714000 2545000
6714000 2546000
6714000 2547000
6714000 2548000
6714000 2549000
6714000 2550000
6714000 2551000
6714000 2552000
6714000 2553000
6714000 2554000
6714000 2555000
6714000 2556000
6714000 2557000
6714000 2558000
6714000 2559000
6714000 2560000
6714000 2561000
6714000 2562000
6714000 2563000
6714000 2564000
6714000 2565000
6714000 2566000
6714000 2567000
6714000 2568000
6714000 2569000
6714000 2570000
6714000 2571000
6714000 2572000
6714000 2573000
6714000 2574000
6714000 2575000
6714000 2576000
6714000 2577000
6714000 2578000
6715000 2510000
6715000 2511000
6715000 2512000
6715000 2513000
6715000 2514000
6715000 2515000
6715000 2516000
6715000 2517000
6715000 2518000
6715000 2519000
6715000 2520000
6715000 2521000
6715000 2522000
6715000 2523000
6715000 2524000
6715000 2525000
6715000 2526000
6715000 2527000
6715000 2528000
6715000 2529000
6715000 2530000
6715000 2531000
6715000 2532000
6715000 2533000
6715000 2534000
6715000 2535000
6715000 2536000
6715000 2537000
6715000 2538000
6715000 2539000
6715000 2540000
6715000 2541000
6715000 2542000
6715000 2543000
6715000 2544000
6715000 2545000
6715000 2546000
6715000 2547000
6715000 2548000
6715000 2549000
6715000 2550000
6715000 2551000
6715000 2552000
6715000 2553000
6715000 2554000
6715000 2555000
6715000 2556000
6715000 2557000
6715000 2558000
6715000 2559000
6715000 2560000
6715000 2561000
6715000 2562000
6715000 2563000
6715000 2564000
6715000 2565000
6715000 2566000
6715000 2567000
6715000 2568000
6715000 2569000
6715000 2570000
6715000 2571000
6715000 2572000
6715000 2573000
6715000 2574000
6715000 2575000
6715000 2576000
6715000 2577000
6715000 2578000
